2213.176758 1449.744686 38.908888 1135.591066 0.181740 -0.205446 0.961646 -0.260466 -0.953059 -0.154386 0.948223 -0.222418 -0.226721
2223.147705 1450.867752 42.022774 1142.880454 0.185552 -0.206214 0.960753 -0.263261 -0.952421 -0.153581 0.946712 -0.224431 -0.231012
2233.118652 1451.893034 43.577958 1150.911320 0.193079 -0.204808 0.959570 -0.262186 -0.953180 -0.150689 0.945505 -0.222491 -0.237737
2243.089844 1453.160706 47.421048 1156.910616 0.192780 -0.205995 0.959376 -0.265856 -0.952111 -0.151013 0.944540 -0.225944 -0.238313
2253.060791 1454.192432 50.297006 1164.015032 0.196266 -0.205304 0.958817 -0.267559 -0.951941 -0.149064 0.943341 -0.227284 -0.241765
2263.031738 1455.832966 53.996120 1170.700610 0.197672 -0.204291 0.958745 -0.271260 -0.951251 -0.146766 0.941989 -0.231058 -0.243451
2273.002930 1457.015032 56.457862 1177.442804 0.200561 -0.201769 0.958679 -0.271428 -0.951699 -0.143516 0.941330 -0.231429 -0.245640
2282.973877 1457.910830 58.003130 1182.032284 0.199233 -0.206304 0.957990 -0.269902 -0.951330 -0.148738 0.942050 -0.228930 -0.245218
2292.944824 1459.707704 61.967118 1187.783838 0.197513 -0.206420 0.958321 -0.274091 -0.950219 -0.148184 0.941203 -0.233399 -0.244259
2302.915771 1460.930322 65.117012 1193.745676 0.197061 -0.205614 0.958588 -0.276142 -0.949814 -0.146964 0.940698 -0.235745 -0.243950
2312.886719 1462.349204 69.090584 1199.246498 0.195035 -0.205991 0.958921 -0.280558 -0.948560 -0.146703 0.939813 -0.240420 -0.242795
2322.857910 1463.751006 72.358420 1204.798554 0.193668 -0.207256 0.958925 -0.283425 -0.947574 -0.147561 0.939235 -0.243206 -0.242256
2332.828857 1465.346704 75.344496 1209.990484 0.191909 -0.207895 0.959141 -0.285615 -0.946835 -0.148081 0.938933 -0.245527 -0.241084
2342.799805 1466.617336 77.890904 1215.779706 0.192418 -0.209517 0.958686 -0.287406 -0.946135 -0.149089 0.938282 -0.246844 -0.242269
2352.770752 1468.252362 80.879570 1221.069266 0.191762 -0.209639 0.958790 -0.289861 -0.945439 -0.148746 0.937661 -0.249392 -0.242065
2362.741943 1469.621404 82.210028 1226.108982 0.192790 -0.209770 0.958555 -0.288365 -0.945858 -0.148993 0.937911 -0.247689 -0.242843
2372.712646 1471.713502 85.599154 1232.789340 0.195828 -0.204782 0.959018 -0.291824 -0.945816 -0.142374 0.936210 -0.251984 -0.244978
2382.683838 1472.517394 85.601850 1234.822170 0.191661 -0.209573 0.958825 -0.286421 -0.946353 -0.149594 0.938738 -0.245956 -0.241405
2392.654785 1474.333942 87.308668 1241.566272 0.197315 -0.203589 0.958967 -0.286073 -0.947581 -0.142310 0.937672 -0.246255 -0.245213
2402.625732 1475.657124 87.920664 1245.330764 0.197055 -0.203485 0.959043 -0.282919 -0.948409 -0.143097 0.938683 -0.243133 -0.244459
2412.596924 1477.426280 88.207782 1249.831832 0.199816 -0.202685 0.958641 -0.280125 -0.949353 -0.142333 0.938937 -0.240099 -0.246473
2422.567871 1478.304806 86.219096 1252.005882 0.199409 -0.206806 0.957845 -0.271422 -0.950889 -0.148798 0.941576 -0.230309 -0.245747
2432.538818 1480.329906 87.015728 1256.333540 0.201762 -0.207221 0.957262 -0.271444 -0.950908 -0.148633 0.941069 -0.229854 -0.248106
2442.509766 1482.084886 85.771400 1260.305170 0.205568 -0.205723 0.956776 -0.266170 -0.952554 -0.147628 0.941751 -0.224317 -0.250572
2452.480713 1483.494580 82.687782 1263.498662 0.209134 -0.202169 0.956760 -0.255949 -0.955605 -0.145978 0.943797 -0.214353 -0.251595
2462.451904 1485.153872 82.102880 1266.346112 0.209788 -0.201606 0.956736 -0.253195 -0.956335 -0.146003 0.944395 -0.211611 -0.251673
2472.422852 1487.045030 81.985608 1269.851380 0.211390 -0.201582 0.956388 -0.253375 -0.956353 -0.145572 0.943989 -0.211552 -0.253239
2482.393799 1488.710064 79.579636 1273.278476 0.215453 -0.199374 0.955945 -0.247886 -0.958036 -0.143942 0.944528 -0.205952 -0.255833
2492.364746 1490.226254 78.817818 1275.135752 0.213433 -0.197922 0.956699 -0.246202 -0.958555 -0.143379 0.945426 -0.204939 -0.253316
2502.335693 1492.365002 77.360846 1278.018982 0.214738 -0.195916 0.956820 -0.244609 -0.959239 -0.141514 0.945544 -0.203659 -0.253908
2512.306885 1494.182128 76.247278 1280.548330 0.215012 -0.193774 0.957195 -0.244032 -0.959687 -0.139462 0.945631 -0.203600 -0.253631
2522.277832 1496.038784 74.583738 1282.477486 0.213968 -0.192101 0.957766 -0.242409 -0.960245 -0.138444 0.946285 -0.202548 -0.252029
2532.248779 1497.993360 73.061476 1283.854928 0.211674 -0.189185 0.958855 -0.241247 -0.960842 -0.136320 0.947098 -0.202465 -0.249025
2542.219727 1499.447166 70.030930 1285.433294 0.211645 -0.185017 0.959675 -0.236490 -0.962434 -0.133394 0.948303 -0.198721 -0.247449
2552.190918 1501.487068 66.555744 1287.861654 0.214603 -0.179139 0.960133 -0.232191 -0.964211 -0.128002 0.948701 -0.195464 -0.248517
2562.161865 1503.046700 63.866912 1288.218732 0.211629 -0.175274 0.961505 -0.229108 -0.965272 -0.125534 0.950117 -0.193721 -0.244436
2572.132813 1505.160110 60.459222 1290.895462 0.215522 -0.171835 0.961261 -0.226941 -0.966256 -0.121846 0.949762 -0.191889 -0.247246
2582.103760 1506.953422 57.123408 1291.531472 0.214284 -0.168831 0.962070 -0.224139 -0.967165 -0.119802 0.950707 -0.189966 -0.245090
2592.074707 1508.298192 53.130896 1292.364992 0.214395 -0.165701 0.962589 -0.220108 -0.968353 -0.117669 0.951624 -0.186646 -0.244082
2602.045898 1509.982508 49.208174 1293.163732 0.214455 -0.163571 0.962940 -0.217551 -0.969111 -0.116169 0.952198 -0.184576 -0.243415
2612.016846 1511.852738 45.683320 1294.013060 0.214209 -0.162236 0.963221 -0.217004 -0.969372 -0.115012 0.952378 -0.184386 -0.242854
2621.987793 1513.229636 41.041386 1295.016864 0.215734 -0.160386 0.963190 -0.213948 -0.970213 -0.113636 0.952725 -0.181557 -0.243622
2631.958740 1514.357464 36.830734 1294.557928 0.212990 -0.159292 0.963982 -0.211499 -0.970745 -0.113680 0.953889 -0.179669 -0.240449
2641.929932 1516.232842 32.355934 1295.972752 0.215331 -0.157123 0.963818 -0.210981 -0.971147 -0.111181 0.953477 -0.179407 -0.242268
2651.900879 1517.510422 27.574952 1296.380498 0.215691 -0.153482 0.964324 -0.208802 -0.971977 -0.107997 0.953876 -0.178059 -0.241694
2661.871826 1519.009452 22.772020 1297.878682 0.219105 -0.150077 0.964090 -0.208384 -0.972499 -0.104027 0.953189 -0.178108 -0.244353
2671.842773 1519.731534 17.152240 1297.353602 0.218006 -0.144969 0.965120 -0.204177 -0.973797 -0.100152 0.954351 -0.175222 -0.241893
2681.813721 1521.136554 10.656774 1299.372564 0.224102 -0.140638 0.964365 -0.200339 -0.975047 -0.095640 0.953752 -0.171767 -0.246685
2691.784912 1521.817486 5.157748 1298.971090 0.223503 -0.135407 0.965252 -0.197860 -0.975988 -0.091099 0.954410 -0.170624 -0.244928
2701.755615 1522.973112 -0.141424 1299.867674 0.226838 -0.130644 0.965130 -0.197765 -0.976496 -0.085701 0.953642 -0.171429 -0.247343
2711.726807 1523.795794 -4.408478 1298.015104 0.222889 -0.124369 0.966878 -0.198652 -0.976812 -0.079853 0.954389 -0.174273 -0.242426
2721.697754 1524.542112 -9.904722 1298.429030 0.225628 -0.120710 0.966706 -0.198772 -0.977124 -0.075618 0.953720 -0.175092 -0.244460
2731.668945 1525.099436 -15.217626 1299.392054 0.228748 -0.119239 0.966155 -0.200667 -0.976931 -0.073059 0.952579 -0.177163 -0.247399
2741.639893 1525.513570 -22.155104 1299.239232 0.231357 -0.117260 0.965776 -0.197544 -0.977692 -0.071384 0.952602 -0.174268 -0.249360
2751.610840 1526.384202 -28.436836 1299.416710 0.234782 -0.115785 0.965128 -0.197636 -0.977828 -0.069230 0.951744 -0.174490 -0.252460
2761.581787 1526.392564 -35.055014 1298.721056 0.235648 -0.112585 0.965295 -0.194855 -0.978571 -0.066566 0.952104 -0.172406 -0.252536
2771.552734 1526.159172 -43.541020 1299.572966 0.241439 -0.109195 0.964253 -0.188143 -0.980062 -0.063876 0.952003 -0.165996 -0.257170
2781.523926 1526.342012 -50.763858 1299.651312 0.244114 -0.107138 0.963810 -0.185534 -0.980679 -0.062021 0.951833 -0.163679 -0.259275
2791.494629 1524.886894 -61.151556 1297.766520 0.245229 -0.098791 0.964419 -0.171149 -0.983581 -0.057234 0.954238 -0.151024 -0.258110
2801.465820 1525.774850 -64.760906 1297.961212 0.246102 -0.101552 0.963909 -0.181383 -0.981752 -0.057122 0.952121 -0.160779 -0.260031
2811.436768 1525.404298 -72.330182 1296.612250 0.246729 -0.100929 0.963814 -0.178583 -0.982264 -0.057146 0.952488 -0.158022 -0.260377
2821.407715 1524.930568 -79.245760 1295.762134 0.248664 -0.104549 0.962931 -0.179326 -0.981940 -0.060305 0.951845 -0.157683 -0.262921
2831.378906 1524.757366 -85.511854 1294.662266 0.250180 -0.105996 0.962380 -0.181725 -0.981464 -0.060857 0.950992 -0.159664 -0.264805
2841.349854 1523.906518 -93.169388 1293.093836 0.251951 -0.108214 0.961671 -0.180205 -0.981594 -0.063243 0.950814 -0.157364 -0.266814
2851.320801 1522.330910 -102.318360 1292.367238 0.257497 -0.109795 0.960021 -0.175008 -0.982392 -0.065413 0.950299 -0.151167 -0.272178
2861.291748 1521.583196 -110.915838 1292.240262 0.264541 -0.112904 0.957743 -0.173303 -0.982521 -0.067957 0.948675 -0.148003 -0.279483
2871.262939 1520.447700 -118.339272 1290.291564 0.267180 -0.112656 0.957039 -0.173336 -0.982563 -0.067270 0.947929 -0.147916 -0.282048
2881.233643 1519.029908 -125.600912 1287.281654 0.266392 -0.113773 0.957127 -0.173497 -0.982450 -0.068495 0.948121 -0.147812 -0.281456
2891.204834 1517.393922 -132.927886 1284.452696 0.266215 -0.114202 0.957125 -0.173344 -0.982441 -0.069008 0.948199 -0.147541 -0.281337
2901.175781 1516.211264 -138.236002 1281.265860 0.263968 -0.112308 0.957971 -0.178502 -0.981730 -0.065908 0.947870 -0.153602 -0.279192
2911.146729 1513.934198 -145.369132 1278.120428 0.262753 -0.111027 0.958454 -0.178418 -0.981817 -0.064822 0.948224 -0.153973 -0.277784
2921.117676 1511.627438 -154.258644 1275.293980 0.263453 -0.109090 0.958484 -0.173539 -0.982735 -0.064151 0.948934 -0.149434 -0.277836
2931.088867 1509.091664 -161.825754 1270.498920 0.259479 -0.103533 0.960183 -0.170481 -0.983534 -0.059981 0.950582 -0.148130 -0.272856
2941.059814 1507.022978 -168.120906 1266.392218 0.255945 -0.101449 0.961353 -0.172674 -0.983282 -0.057791 0.951144 -0.151209 -0.269184
2951.030762 1504.985366 -174.106068 1262.431920 0.253633 -0.098202 0.962303 -0.175910 -0.982927 -0.053942 0.951171 -0.155597 -0.266577
2961.001709 1502.786778 -180.257830 1258.119026 0.250321 -0.098949 0.963093 -0.179313 -0.982292 -0.054315 0.951413 -0.159099 -0.263631
2970.972900 1500.632934 -188.877544 1255.233820 0.253307 -0.098579 0.962350 -0.176593 -0.982791 -0.054190 0.951131 -0.156217 -0.266356
2980.943848 1498.126154 -196.835536 1250.793552 0.251766 -0.096406 0.962974 -0.173833 -0.983348 -0.052998 0.952048 -0.154054 -0.264333
2990.914795 1495.503902 -204.482734 1246.390514 0.248903 -0.097211 0.963637 -0.171547 -0.983644 -0.054919 0.953215 -0.151639 -0.261509
3000.885742 1493.166436 -212.178440 1241.442272 0.245704 -0.091625 0.965005 -0.167819 -0.984511 -0.050748 0.954708 -0.149477 -0.257274
3010.856689 1491.055488 -215.721582 1234.138196 0.233142 -0.087459 0.968502 -0.173987 -0.983629 -0.046942 0.956751 -0.157562 -0.244542
3020.827881 1488.260268 -222.330302 1228.152936 0.225779 -0.081880 0.970731 -0.171512 -0.984238 -0.043128 0.958962 -0.156754 -0.236264
3030.798828 1485.663280 -228.708710 1221.690878 0.217378 -0.077169 0.973032 -0.169453 -0.984716 -0.040240 0.961266 -0.156136 -0.227132
3040.769775 1483.355740 -236.134204 1215.537526 0.211179 -0.073817 0.974656 -0.165323 -0.985475 -0.038816 0.963365 -0.152936 -0.220315
3050.740723 1480.919178 -244.240482 1209.062084 0.205120 -0.072034 0.976082 -0.159156 -0.986469 -0.039355 0.965710 -0.147277 -0.213809
3060.711670 1478.515932 -252.288936 1203.353362 0.201678 -0.071752 0.976820 -0.154019 -0.987229 -0.040717 0.967266 -0.142237 -0.210154
3070.682861 1475.942806 -259.751094 1197.351378 0.197090 -0.072695 0.977687 -0.149987 -0.987743 -0.043207 0.968844 -0.138125 -0.205577
3080.653809 1473.986802 -266.625274 1190.873090 0.191329 -0.072726 0.978828 -0.147874 -0.988004 -0.044503 0.970323 -0.136229 -0.199788
3090.624756 1472.484740 -269.687964 1183.041202 0.179990 -0.073401 0.980926 -0.156175 -0.986696 -0.045176 0.971192 -0.145064 -0.189058
3100.595703 1470.831982 -276.730888 1176.612918 0.175332 -0.073064 0.981794 -0.154357 -0.986949 -0.045882 0.972334 -0.143502 -0.184322
3110.566650 1469.225394 -283.330072 1169.976302 0.170174 -0.072584 0.982737 -0.153901 -0.987003 -0.046249 0.973322 -0.143374 -0.179133
3120.537842 1467.942086 -291.855228 1164.254134 0.168961 -0.070388 0.983106 -0.149328 -0.987761 -0.045057 0.974245 -0.139193 -0.177404
3130.508789 1466.698832 -298.600748 1157.595792 0.164442 -0.070222 0.983884 -0.149302 -0.987742 -0.045543 0.975022 -0.139407 -0.172910
3140.479736 1465.543046 -306.370282 1150.622666 0.159504 -0.067555 0.984883 -0.145629 -0.988351 -0.044208 0.976397 -0.136376 -0.167484
3150.450684 1464.212436 -311.581514 1143.209516 0.150857 -0.066350 0.986326 -0.148380 -0.987961 -0.043766 0.977356 -0.139749 -0.158886
3160.421631 1463.116802 -315.331642 1135.029906 0.138812 -0.062709 0.988331 -0.154356 -0.987166 -0.040955 0.978215 -0.146870 -0.146710
3170.392822 1462.509504 -323.099540 1127.620578 0.130156 -0.054764 0.989980 -0.149473 -0.988146 -0.035011 0.980162 -0.143418 -0.136799
3180.363770 1462.183374 -329.722398 1121.199558 0.123332 -0.045671 0.991314 -0.148297 -0.988572 -0.027094 0.981222 -0.143667 -0.128695
3190.334717 1461.753144 -336.806476 1113.161426 0.111535 -0.036118 0.993104 -0.145308 -0.989191 -0.019656 0.983080 -0.142114 -0.115578
3200.305664 1461.486740 -344.826994 1106.817422 0.104727 -0.028262 0.994099 -0.140994 -0.989921 -0.013289 0.984456 -0.138770 -0.107656
3210.276855 1461.704474 -347.930726 1100.435804 0.095290 -0.024459 0.995149 -0.150575 -0.988549 -0.009879 0.983995 -0.148903 -0.097882
3220.247803 1461.890360 -354.128720 1095.125582 0.089634 -0.018343 0.995806 -0.151905 -0.988385 -0.004533 0.984322 -0.150862 -0.091379
3230.218750 1462.343288 -360.155678 1088.248794 0.078669 -0.013493 0.996809 -0.152829 -0.988252 -0.001316 0.985116 -0.152238 -0.079807
3240.189697 1462.513656 -367.120314 1082.743192 0.071006 -0.006442 0.997455 -0.151074 -0.988513 0.004370 0.985969 -0.151000 -0.071164
3250.160645 1463.069292 -373.444724 1077.548242 0.062734 0.000290 0.998030 -0.151048 -0.988478 0.009781 0.986534 -0.151364 -0.061967
3260.131836 1463.554212 -379.545236 1071.511082 0.051023 0.007098 0.998672 -0.151170 -0.988398 0.014748 0.987190 -0.151722 -0.049358
3270.102783 1465.956370 -380.658712 1069.740902 0.047844 0.022001 0.998613 -0.165049 -0.985840 0.029627 0.985124 -0.166237 -0.043535
3280.073730 1467.022138 -386.311336 1065.095538 0.038153 0.029590 0.998834 -0.166064 -0.985475 0.035537 0.985377 -0.167226 -0.032685
3290.044678 1467.556244 -394.767780 1061.508540 0.032133 0.036842 0.998804 -0.159384 -0.986344 0.041510 0.986693 -0.160528 -0.025822
3300.015869 1469.496140 -400.208566 1059.406494 0.027656 0.044197 0.998640 -0.161804 -0.985650 0.048103 0.986435 -0.162914 -0.020108
3309.986816 1470.735646 -405.593802 1056.373354 0.019773 0.053423 0.998376 -0.162807 -0.985071 0.055935 0.986460 -0.163649 -0.010780
3319.957764 1472.102280 -416.785286 1054.728642 0.016238 0.062597 0.997907 -0.148751 -0.986781 0.064319 0.988741 -0.149484 -0.006712
3329.928711 1473.271470 -425.133144 1052.156240 0.008735 0.072345 0.997341 -0.141455 -0.987260 0.072853 0.989906 -0.141715 0.001610
3339.899902 1474.490098 -432.698512 1048.802316 -0.002307 0.082707 0.996571 -0.135804 -0.987367 0.081629 0.990733 -0.135150 0.013510
3349.870850 1475.991102 -440.033266 1047.461862 -0.007795 0.090563 0.995860 -0.131490 -0.987336 0.088759 0.991287 -0.130254 0.019605
3359.841797 1477.474082 -446.995306 1046.582558 -0.012978 0.098998 0.995003 -0.128021 -0.987062 0.096538 0.991687 -0.126128 0.025484
3369.812744 1478.959944 -452.912396 1045.067306 -0.020249 0.106510 0.994105 -0.126773 -0.986557 0.103119 0.991725 -0.123937 0.033480
3379.783691 1480.351366 -461.354488 1044.748820 -0.024621 0.113295 0.993256 -0.118664 -0.986864 0.109625 0.992629 -0.115165 0.037742
3389.754883 1482.034208 -468.190436 1044.545246 -0.029819 0.119547 0.992381 -0.114419 -0.986704 0.115425 0.992985 -0.110106 0.043101
3399.725830 1483.415656 -474.886966 1044.268418 -0.036059 0.126322 0.991334 -0.110130 -0.986439 0.121693 0.993263 -0.104788 0.049481
3409.696777 1484.997420 -480.452194 1044.400514 -0.041835 0.133784 0.990127 -0.108580 -0.985734 0.128602 0.993207 -0.102128 0.055764
3419.667725 1486.161532 -487.730038 1043.410522 -0.050977 0.140622 0.988750 -0.101561 -0.985635 0.134943 0.993522 -0.093539 0.064527
3429.638672 1486.977614 -495.136734 1043.762392 -0.056352 0.149341 0.987179 -0.093899 -0.985160 0.143675 0.993986 -0.084598 0.069539
3439.609619 1488.662788 -497.591402 1043.926008 -0.062243 0.156235 0.985757 -0.098789 -0.983786 0.149685 0.993160 -0.088065 0.076668
3449.580811 1489.584770 -502.613980 1043.642296 -0.068498 0.162949 0.984254 -0.096113 -0.983060 0.156062 0.993011 -0.083910 0.082999
3459.551758 1489.834044 -510.807016 1046.224462 -0.065601 0.170685 0.983139 -0.084347 -0.982684 0.164978 0.994275 -0.072102 0.078862
3469.522705 1490.422702 -515.183210 1045.799636 -0.070333 0.174243 0.982188 -0.081954 -0.982307 0.168396 0.994151 -0.068650 0.083369
3479.493652 1491.083952 -518.677524 1045.886542 -0.072857 0.178101 0.981311 -0.081464 -0.981701 0.172124 0.994010 -0.067401 0.086033
3489.464844 1491.322104 -520.649126 1046.078198 -0.074106 0.182416 0.980425 -0.084142 -0.980766 0.176120 0.993694 -0.069443 0.088029
3499.435791 1491.495218 -523.573968 1046.567814 -0.074140 0.185164 0.979907 -0.082973 -0.980350 0.178970 0.993790 -0.068037 0.088047
3509.406738 1491.468800 -525.302296 1046.065692 -0.076637 0.186647 0.979433 -0.083816 -0.980051 0.180207 0.993530 -0.068282 0.090752
3519.377686 1491.269228 -526.736192 1045.528002 -0.078474 0.189184 0.978801 -0.084165 -0.979581 0.182587 0.993357 -0.068052 0.092794
3529.348877 1490.778824 -528.243782 1046.198576 -0.075988 0.188700 0.979090 -0.083013 -0.979718 0.182378 0.993647 -0.067419 0.090112
3539.319824 1490.128200 -528.046406 1045.760756 -0.076229 0.189757 0.978867 -0.085376 -0.979361 0.183204 0.993428 -0.069606 0.090856
3549.290771 1489.470190 -528.042026 1044.947652 -0.076721 0.188988 0.978978 -0.085892 -0.979474 0.182352 0.993346 -0.070096 0.091379
3559.261719 1488.299796 -527.498010 1044.343966 -0.075653 0.187044 0.979434 -0.086581 -0.979772 0.180421 0.993368 -0.071151 0.090317
3569.232666 1487.198086 -526.496658 1044.698280 -0.071224 0.184535 0.980242 -0.087071 -0.980136 0.178189 0.993653 -0.072660 0.085877
3579.203857 1485.755966 -525.053202 1045.177798 -0.065658 0.182482 0.981014 -0.087482 -0.980403 0.176513 0.994000 -0.074231 0.080335
3589.174805 1485.133190 -522.542838 1043.008186 -0.067823 0.178696 0.981564 -0.089959 -0.980917 0.172363 0.993633 -0.076610 0.082604
3599.145752 1483.467866 -520.505194 1042.614936 -0.063746 0.175171 0.982472 -0.089471 -0.981513 0.169195 0.993947 -0.077118 0.078240
3609.116699 1481.875114 -518.281716 1042.102278 -0.059662 0.172479 0.983205 -0.088349 -0.982006 0.166908 0.994301 -0.076907 0.073826
3619.087646 1480.076016 -516.658016 1042.781230 -0.052068 0.169564 0.984143 -0.084323 -0.982707 0.164855 0.995077 -0.074402 0.065466
3629.058594 1478.318978 -511.570394 1041.914158 -0.048734 0.166637 0.984813 -0.088896 -0.982796 0.161897 0.994848 -0.079656 0.062709
3639.029785 1476.463560 -507.507954 1041.466018 -0.043741 0.162619 0.985719 -0.089703 -0.983317 0.158242 0.995008 -0.081500 0.057599
3649.000732 1474.424978 -503.378726 1039.310738 -0.043533 0.157733 0.986522 -0.089325 -0.984117 0.153407 0.995051 -0.081443 0.056931
3658.971680 1472.467754 -498.307022 1040.069518 -0.034773 0.152184 0.987740 -0.090971 -0.984717 0.148516 0.995246 -0.084691 0.048086
3668.942627 1470.408316 -493.854074 1040.468934 -0.026774 0.145673 0.988970 -0.089928 -0.985665 0.142752 0.995588 -0.085114 0.039491
3678.913818 1468.174264 -488.291712 1039.924972 -0.021548 0.138804 0.990085 -0.091090 -0.986469 0.136315 0.995609 -0.087250 0.033900
3688.884766 1466.123698 -482.905230 1039.555552 -0.015963 0.131669 0.991165 -0.091301 -0.987342 0.129691 0.995695 -0.088424 0.027782
3698.855713 1463.775396 -477.226914 1041.202388 -0.004552 0.124668 0.992188 -0.092118 -0.988032 0.123723 0.995738 -0.090835 0.015982
3708.826660 1461.423272 -471.136960 1039.408002 -0.003258 0.116723 0.993159 -0.093597 -0.988840 0.115909 0.995605 -0.092579 0.014146
3718.797852 1459.190928 -465.039312 1040.323784 0.005952 0.109481 0.993971 -0.095335 -0.989399 0.109549 0.995427 -0.095413 0.004548
3728.768799 1457.064194 -456.501868 1039.239872 0.008381 0.102730 0.994674 -0.103106 -0.989318 0.103045 0.994635 -0.103421 0.002301
3738.739746 1454.753092 -449.225314 1040.419934 0.017292 0.094119 0.995411 -0.107723 -0.989589 0.095440 0.994031 -0.108879 -0.006973
3748.710693 1452.794648 -441.183704 1042.762316 0.028472 0.087668 0.995743 -0.114232 -0.989335 0.090370 0.993046 -0.116319 -0.018154
3758.681641 1450.665026 -432.722944 1042.996938 0.033379 0.080011 0.996235 -0.121349 -0.989091 0.083503 0.992048 -0.123679 -0.023306
3768.652588 1448.621518 -425.756458 1044.514816 0.041568 0.072781 0.996481 -0.124579 -0.989183 0.077444 0.991339 -0.127360 -0.032052
3778.623779 1446.054518 -414.525032 1042.472340 0.038437 0.065490 0.997113 -0.137677 -0.987987 0.070198 0.989731 -0.139978 -0.028959
3788.594727 1443.790190 -408.987670 1043.389118 0.044084 0.058854 0.997293 -0.135745 -0.988652 0.064344 0.989762 -0.138214 -0.035594
3798.565674 1442.114602 -402.584398 1046.036042 0.054048 0.052121 0.997177 -0.136597 -0.988863 0.059091 0.989151 -0.139406 -0.046326
3808.536865 1439.002078 -393.673094 1041.175122 0.040533 0.047549 0.998046 -0.139827 -0.988768 0.052785 0.989346 -0.141693 -0.033429
3818.507813 1437.565298 -384.438630 1046.075380 0.054936 0.041065 0.997645 -0.148488 -0.987708 0.048832 0.987387 -0.150821 -0.048164
3828.478760 1435.971700 -373.172516 1046.875248 0.056134 0.032322 0.997900 -0.161491 -0.986021 0.041021 0.985276 -0.163455 -0.050130
3838.449707 1434.530482 -365.692270 1049.388666 0.063223 0.025187 0.997682 -0.164477 -0.985749 0.035309 0.984353 -0.166328 -0.058179
3848.420654 1433.309552 -356.625322 1052.293722 0.069925 0.016481 0.997416 -0.172365 -0.984625 0.028353 0.982548 -0.173902 -0.066009
3858.391602 1431.865084 -348.481870 1054.158732 0.073729 0.007897 0.997247 -0.177191 -0.983955 0.020892 0.981411 -0.178244 -0.071146
3868.362793 1430.549274 -340.341378 1057.864696 0.082011 0.000357 0.996631 -0.182473 -0.983091 0.015367 0.979784 -0.183119 -0.080559
3878.333740 1429.406498 -332.341418 1060.983206 0.087788 -0.007293 0.996113 -0.187419 -0.982236 0.009326 0.978349 -0.187509 -0.087595
3888.304688 1428.353308 -323.331890 1063.775562 0.091847 -0.015304 0.995656 -0.195092 -0.980781 0.002921 0.976475 -0.194512 -0.093068
3898.275635 1427.269298 -315.191660 1066.658510 0.095731 -0.021957 0.995165 -0.200401 -0.979711 -0.002338 0.975026 -0.199209 -0.098189
3908.246826 1426.513704 -307.084736 1071.933442 0.105951 -0.029068 0.993946 -0.207257 -0.978265 -0.006517 0.972532 -0.205312 -0.109672
3918.217773 1427.078246 -295.228166 1079.665124 0.119817 -0.028470 0.992388 -0.223260 -0.974758 -0.001009 0.967367 -0.221439 -0.123149
3928.188721 1424.790778 -289.469598 1078.474092 0.112517 -0.043773 0.992685 -0.222782 -0.974707 -0.017729 0.968353 -0.219158 -0.119423
3938.159668 1424.622320 -280.823230 1083.063566 0.118726 -0.049701 0.991682 -0.231094 -0.972703 -0.021083 0.965660 -0.226668 -0.126971
3948.130859 1423.925996 -274.649794 1087.395508 0.124677 -0.055759 0.990629 -0.232974 -0.972151 -0.025398 0.964458 -0.227625 -0.134196
3958.101807 1423.760314 -265.566260 1092.467924 0.130230 -0.063274 0.989463 -0.243616 -0.969410 -0.029928 0.961089 -0.237151 -0.141660
3968.072754 1423.453812 -258.721694 1097.720452 0.136784 -0.068337 0.988241 -0.248340 -0.968125 -0.032573 0.958967 -0.240964 -0.149395
3978.043701 1423.335418 -251.930092 1103.342048 0.143748 -0.075617 0.986721 -0.253687 -0.966574 -0.037115 0.956546 -0.244983 -0.158126
3988.014648 1423.092020 -244.787278 1108.677238 0.149129 -0.082105 0.985403 -0.259835 -0.964779 -0.041064 0.954068 -0.249919 -0.165210
3997.985840 1423.975868 -235.620286 1116.988734 0.160177 -0.081180 0.983744 -0.271419 -0.961818 -0.035178 0.949039 -0.261372 -0.176095
4007.956787 1423.804916 -228.370974 1122.657224 0.164884 -0.088702 0.982316 -0.278887 -0.959498 -0.039830 0.946063 -0.267388 -0.182943
4017.927734 1423.469460 -222.498162 1127.722864 0.168686 -0.093690 0.981207 -0.282363 -0.958345 -0.042965 0.944360 -0.269809 -0.188114
4027.898682 1423.626374 -216.621220 1133.940134 0.175093 -0.098600 0.979602 -0.287430 -0.956747 -0.044925 0.941661 -0.273701 -0.195860
4037.869629 1423.296244 -210.626494 1138.972430 0.177647 -0.103420 0.978645 -0.292401 -0.955098 -0.047854 0.939651 -0.277656 -0.199910
4047.840576 1424.291708 -204.436840 1146.564542 0.186789 -0.108201 0.976423 -0.300692 -0.952511 -0.048029 0.935251 -0.284631 -0.210454
4057.811768 1424.152420 -198.358054 1151.949086 0.189705 -0.110728 0.975577 -0.307056 -0.950471 -0.048170 0.932592 -0.290419 -0.214309
4067.782715 1424.532972 -192.815954 1157.578884 0.193159 -0.113924 0.974531 -0.313094 -0.948467 -0.048819 0.929872 -0.295690 -0.218874
4077.753662 1425.245830 -186.669426 1164.027044 0.198433 -0.117134 0.973090 -0.321823 -0.945572 -0.048195 0.925772 -0.303599 -0.225330
4087.724854 1425.849208 -181.474124 1170.365248 0.203669 -0.120420 0.971606 -0.328350 -0.943331 -0.048086 0.922337 -0.309233 -0.231667
4097.695801 1426.162438 -177.213908 1176.087864 0.207683 -0.124075 0.970295 -0.332458 -0.941830 -0.049276 0.919967 -0.312348 -0.236851
4107.666504 1427.187936 -172.330482 1182.948960 0.214135 -0.129977 0.968118 -0.340037 -0.939036 -0.050860 0.915708 -0.318305 -0.245277
4117.637695 1427.719028 -168.376888 1189.532890 0.220284 -0.135272 0.966011 -0.345053 -0.937111 -0.052541 0.912367 -0.321751 -0.253106
4127.608887 1428.431482 -165.988616 1196.481448 0.228436 -0.138586 0.963645 -0.345897 -0.936790 -0.052727 0.910039 -0.321277 -0.261933
4137.579590 1429.309498 -163.331096 1203.796464 0.237133 -0.142757 0.960931 -0.348525 -0.935799 -0.053016 0.906807 -0.322336 -0.271663
4147.550781 1429.931542 -161.156056 1210.706804 0.245686 -0.144042 0.958588 -0.349380 -0.935590 -0.051040 0.904197 -0.322372 -0.280186
4157.521973 1430.605252 -159.310614 1216.761546 0.251434 -0.146528 0.956719 -0.349854 -0.935398 -0.051318 0.902432 -0.321808 -0.286454
4167.492676 1431.332618 -158.475542 1223.977650 0.261563 -0.145331 0.954182 -0.347939 -0.936327 -0.047234 0.900291 -0.319642 -0.295474
4177.463867 1432.115472 -157.840240 1230.549430 0.269713 -0.144850 0.951984 -0.346074 -0.937149 -0.044544 0.898603 -0.317443 -0.302890
4187.434570 1433.279370 -156.326720 1237.167994 0.277079 -0.145623 0.949748 -0.347668 -0.936668 -0.042190 0.895742 -0.318507 -0.310159
4197.405762 1433.792308 -155.890362 1242.355146 0.281719 -0.145646 0.948379 -0.345745 -0.937421 -0.041258 0.895039 -0.316274 -0.314445
4207.376465 1434.950570 -157.058346 1249.686600 0.293643 -0.145445 0.944785 -0.341880 -0.938963 -0.038291 0.892688 -0.311759 -0.325445
4217.347656 1436.449338 -159.253912 1258.526140 0.309904 -0.145098 0.939631 -0.336636 -0.941010 -0.034284 0.889177 -0.305689 -0.340468
4227.318848 1437.436214 -159.895462 1264.422058 0.317557 -0.146987 0.936778 -0.335027 -0.941589 -0.034171 0.887082 -0.302994 -0.348253
4237.289551 1438.537760 -161.645252 1270.458334 0.326836 -0.147953 0.933428 -0.331397 -0.942900 -0.033418 0.885073 -0.298413 -0.357204
4247.260742 1439.688180 -163.748166 1276.161526 0.335320 -0.148733 0.930290 -0.327279 -0.944351 -0.033014 0.883430 -0.293394 -0.365337
4257.231934 1440.876394 -165.801738 1281.624580 0.343398 -0.149267 0.927253 -0.323842 -0.945560 -0.032283 0.881592 -0.289198 -0.373042
4267.202637 1442.267874 -167.849230 1286.719520 0.350790 -0.149791 0.924397 -0.321213 -0.946484 -0.031476 0.879641 -0.285887 -0.380132
4277.173828 1443.691944 -171.010738 1291.632070 0.359254 -0.148701 0.921317 -0.315787 -0.948358 -0.029930 0.878189 -0.280187 -0.387659
4287.144531 1444.931746 -176.724722 1296.667374 0.370541 -0.143934 0.917596 -0.303565 -0.952433 -0.026814 0.877809 -0.268614 -0.396609
4297.115723 1446.728872 -179.953138 1301.636778 0.378690 -0.144466 0.914179 -0.300237 -0.953502 -0.026310 0.875472 -0.264507 -0.404455
4307.086914 1447.968936 -184.542712 1305.512604 0.386307 -0.141689 0.911423 -0.292447 -0.955964 -0.024659 0.874781 -0.257017 -0.410732
4317.057617 1449.548628 -188.448276 1308.746836 0.392204 -0.138113 0.909451 -0.286576 -0.957808 -0.021870 0.874100 -0.252049 -0.415236
4327.028809 1451.500394 -192.812144 1312.508710 0.400185 -0.134606 0.906495 -0.280736 -0.959606 -0.018557 0.872375 -0.247060 -0.421809
4336.999512 1452.654038 -196.984694 1314.085306 0.402904 -0.131004 0.905818 -0.274687 -0.961386 -0.016861 0.873049 -0.242023 -0.423332
4346.970703 1455.107402 -200.685874 1317.359888 0.410313 -0.129530 0.902699 -0.272701 -0.961996 -0.014085 0.870217 -0.240388 -0.430043
4356.941895 1456.313352 -206.000942 1318.571742 0.414574 -0.123856 0.901547 -0.264481 -0.964330 -0.010860 0.870734 -0.233940 -0.432544
4366.912598 1459.056238 -211.454270 1321.552596 0.424274 -0.120753 0.897447 -0.259071 -0.965829 -0.007477 0.867683 -0.229330 -0.441060
4376.883789 1460.812592 -217.774090 1322.596162 0.430506 -0.115223 0.895203 -0.249585 -0.968342 -0.004611 0.867394 -0.221445 -0.445635
4386.854492 1462.496668 -223.404230 1323.209140 0.435074 -0.112033 0.893398 -0.243327 -0.969939 -0.003134 0.866893 -0.216024 -0.449256
4396.825684 1464.606506 -230.134692 1324.418738 0.442659 -0.108577 0.890092 -0.234540 -0.972104 -0.001940 0.865473 -0.207904 -0.455777
4406.796875 1466.016250 -236.728874 1323.490102 0.444770 -0.102946 0.889709 -0.224674 -0.974434 -0.000434 0.867007 -0.199702 -0.456528
4416.767578 1468.035772 -242.825692 1323.244944 0.449417 -0.100047 0.887702 -0.218281 -0.975886 0.000524 0.866244 -0.194004 -0.460418
4426.738770 1469.442980 -249.002938 1320.953790 0.449255 -0.096577 0.888168 -0.210582 -0.977576 0.000218 0.868231 -0.187130 -0.459518
4436.709473 1471.293782 -255.880936 1319.345816 0.452393 -0.092449 0.887014 -0.201897 -0.979406 0.000893 0.868664 -0.179489 -0.461742
4446.680664 1472.924746 -261.911484 1316.983560 0.453680 -0.089398 0.886669 -0.195585 -0.980686 0.001197 0.869437 -0.173962 -0.462403
4456.651855 1474.018198 -268.877698 1313.218852 0.452293 -0.083993 0.887906 -0.185595 -0.982625 0.001588 0.872345 -0.165509 -0.460023
4466.623047 1475.401274 -275.427504 1309.399258 0.451260 -0.079987 0.888800 -0.177678 -0.984087 0.001648 0.874525 -0.158664 -0.458292
4476.593750 1476.940600 -281.857992 1305.142692 0.449485 -0.076733 0.889986 -0.170446 -0.985366 0.001126 0.876876 -0.152201 -0.455986
4486.564453 1477.939650 -289.469318 1300.000596 0.446655 -0.071497 0.891845 -0.158955 -0.987286 0.000460 0.880473 -0.141969 -0.452341
4496.535645 1478.935412 -296.159178 1294.378384 0.442879 -0.068027 0.893997 -0.150473 -0.988614 -0.000683 0.883864 -0.134219 -0.448072
4506.506836 1479.917892 -302.726768 1287.690790 0.436977 -0.065386 0.897093 -0.142396 -0.989806 -0.002782 0.888130 -0.126527 -0.441833
4516.477539 1481.086768 -309.994398 1281.520584 0.434487 -0.061675 0.898564 -0.132387 -0.991190 -0.004019 0.890895 -0.117212 -0.438825
4526.448730 1481.939162 -316.894192 1274.608062 0.430587 -0.059472 0.900588 -0.123415 -0.992334 -0.006523 0.894071 -0.108337 -0.434626
4536.419922 1482.843074 -324.172436 1267.257648 0.426007 -0.054977 0.903048 -0.112635 -0.993609 -0.007356 0.897681 -0.098582 -0.429477
4546.390625 1483.487086 -330.310130 1259.186258 0.419685 -0.053775 0.906076 -0.105222 -0.994396 -0.010280 0.901550 -0.091025 -0.422991
4556.361816 1484.142872 -336.326894 1251.100910 0.413781 -0.052979 0.908833 -0.097957 -0.995100 -0.013410 0.905091 -0.083477 -0.416944
4566.332520 1484.863216 -341.341922 1243.112752 0.408143 -0.055520 0.911228 -0.094450 -0.995361 -0.018341 0.908019 -0.078580 -0.411494
4576.303711 1485.248838 -347.522564 1234.818336 0.403061 -0.055565 0.913485 -0.086666 -0.995987 -0.022343 0.911060 -0.070162 -0.406259
4586.274902 1486.549546 -353.142866 1227.246274 0.400091 -0.057641 0.914661 -0.081422 -0.996309 -0.027170 0.912851 -0.063603 -0.403308
4596.245605 1486.901196 -357.996768 1218.350128 0.392964 -0.059360 0.917636 -0.076332 -0.996576 -0.031778 0.916380 -0.057557 -0.396150
4606.216797 1487.295904 -362.482870 1209.003664 0.384466 -0.060895 0.921129 -0.071335 -0.996798 -0.036123 0.920379 -0.051821 -0.387579
4616.187988 1487.163980 -367.048768 1199.002202 0.374279 -0.062553 0.925204 -0.064600 -0.997057 -0.041278 0.925063 -0.044319 -0.377218
4626.158691 1487.707312 -370.983174 1189.960560 0.366645 -0.064287 0.928137 -0.059962 -0.997169 -0.045381 0.928426 -0.039014 -0.369462
4636.129883 1487.317040 -375.839610 1179.240584 0.355411 -0.065318 0.932425 -0.050316 -0.997446 -0.050694 0.933355 -0.028899 -0.357790
4646.100586 1487.732228 -379.998686 1170.109286 0.348329 -0.067602 0.934932 -0.043432 -0.997489 -0.055944 0.936366 -0.021119 -0.350390
4656.071777 1487.941214 -384.521854 1160.533186 0.340596 -0.068155 0.937736 -0.034350 -0.997605 -0.060030 0.939582 -0.011765 -0.342121
4666.042969 1489.058106 -389.325636 1154.034746 0.342333 -0.068476 0.937080 -0.026559 -0.997647 -0.063200 0.939203 -0.003252 -0.343346
4676.013672 1489.153866 -392.937148 1144.857086 0.334982 -0.069528 0.939656 -0.019692 -0.997573 -0.066793 0.942019 0.003871 -0.335538
4685.984863 1489.178752 -396.104360 1135.390762 0.326599 -0.070115 0.942559 -0.013309 -0.997487 -0.069590 0.945069 0.010183 -0.326712
4695.955566 1488.836536 -399.120106 1125.887756 0.317616 -0.070500 0.945595 -0.006769 -0.997375 -0.072087 0.948195 0.016495 -0.317259
4705.926758 1488.651036 -401.954268 1116.959840 0.310204 -0.071007 0.948014 -0.000882 -0.997228 -0.074404 0.950669 0.022244 -0.309407
4715.897461 1488.638600 -403.697338 1107.927646 0.301474 -0.072990 0.950677 0.001978 -0.997016 -0.077175 0.953472 0.025147 -0.300430
4725.868652 1488.434874 -406.558568 1101.524462 0.300376 -0.071762 0.951117 0.006803 -0.996979 -0.077370 0.953797 0.029710 -0.298981
4735.839844 1488.155258 -408.158326 1092.469028 0.290624 -0.074376 0.953942 0.009981 -0.996684 -0.080750 0.956785 0.032989 -0.288919
4745.810547 1487.762776 -409.809382 1084.883358 0.284573 -0.077198 0.955541 0.012545 -0.996367 -0.084232 0.958572 0.035957 -0.282570
4755.781738 1487.328872 -411.486692 1076.248202 0.275249 -0.079364 0.958092 0.016399 -0.996054 -0.087220 0.961233 0.039719 -0.272861
4765.752930 1486.963258 -413.084836 1068.951390 0.269597 -0.082174 0.959461 0.019226 -0.995695 -0.090680 0.962781 0.042893 -0.266857
4775.723633 1486.471668 -414.180972 1061.402286 0.261892 -0.083774 0.961454 0.021753 -0.995460 -0.092663 0.964852 0.045183 -0.258880
4785.694824 1486.350936 -414.506584 1055.389722 0.257760 -0.085752 0.962396 0.021153 -0.995314 -0.094350 0.965977 0.044677 -0.254738
4795.666016 1485.849216 -414.563114 1048.444910 0.249994 -0.087741 0.964264 0.020756 -0.995171 -0.095935 0.968025 0.043998 -0.246965
4805.636719 1485.332538 -414.934586 1042.025142 0.243482 -0.087880 0.965916 0.021978 -0.995131 -0.096078 0.969656 0.044622 -0.240365
4815.607910 1484.784136 -415.213966 1036.872290 0.240356 -0.087043 0.966774 0.022444 -0.995207 -0.095183 0.970425 0.044576 -0.237251
4825.578613 1484.221934 -414.701208 1032.027218 0.236948 -0.087404 0.967583 0.020972 -0.995253 -0.095039 0.971296 0.042811 -0.233990
4835.549805 1483.537834 -414.020934 1027.207248 0.232298 -0.086644 0.968778 0.019890 -0.995393 -0.093793 0.972441 0.041056 -0.229504
4845.520508 1482.926200 -413.587990 1023.027728 0.229321 -0.087080 0.969448 0.019393 -0.995384 -0.093997 0.973158 0.040356 -0.226573
4855.491699 1482.172298 -412.664778 1018.693028 0.224747 -0.087405 0.970489 0.018736 -0.995397 -0.093987 0.974237 0.039307 -0.222074
4865.462891 1481.446744 -411.231694 1015.299358 0.221877 -0.089026 0.971002 0.016388 -0.995342 -0.095002 0.974937 0.036991 -0.219384
4875.433594 1480.756160 -410.203034 1012.216122 0.219371 -0.089416 0.971535 0.015799 -0.995335 -0.095173 0.975514 0.036228 -0.216935
4885.404785 1479.834124 -408.041148 1010.051496 0.217548 -0.090372 0.971857 0.012278 -0.995372 -0.095307 0.975972 0.032667 -0.215432
4895.375488 1479.035778 -405.974392 1008.470338 0.217342 -0.092201 0.971731 0.008808 -0.995303 -0.096407 0.976056 0.029512 -0.215509
4905.346680 1478.178596 -403.372662 1008.031514 0.219156 -0.095380 0.971017 0.003315 -0.995132 -0.098497 0.975684 0.024805 -0.217773
4915.317871 1477.050778 -400.329732 1007.554012 0.219877 -0.099249 0.970466 -0.002680 -0.994869 -0.101138 0.975524 0.019637 -0.219015
4925.288574 1475.893196 -397.272952 1007.582042 0.221079 -0.102843 0.969818 -0.008196 -0.994585 -0.103601 0.975221 0.014955 -0.220725
4935.259766 1474.898406 -393.895534 1009.132766 0.225143 -0.106441 0.968494 -0.015278 -0.994278 -0.105724 0.974206 0.009006 -0.225481
4945.230469 1473.548978 -390.443008 1009.887152 0.226106 -0.108639 0.968026 -0.020455 -0.994072 -0.106785 0.973888 0.004344 -0.226987
4955.201660 1472.437798 -386.841438 1013.032838 0.232540 -0.112004 0.966116 -0.027418 -0.993707 -0.108604 0.972200 -0.001234 -0.234147
4965.172852 1471.331620 -383.169072 1016.635720 0.239171 -0.114724 0.964176 -0.034111 -0.993375 -0.109737 0.970378 -0.006644 -0.241500
4975.143555 1469.900138 -379.606042 1019.825374 0.243345 -0.116492 0.962919 -0.039000 -0.993134 -0.110291 0.969155 -0.010715 -0.246217
4985.114746 1468.661406 -375.371632 1024.439668 0.250096 -0.119878 0.960771 -0.046375 -0.992650 -0.111784 0.967110 -0.016599 -0.253817
4995.085938 1467.304310 -370.576862 1029.397616 0.256379 -0.123511 0.958653 -0.055038 -0.992059 -0.113096 0.965008 -0.023767 -0.261141
5005.056641 1466.155838 -365.757600 1034.784644 0.261681 -0.127022 0.956759 -0.063148 -0.991431 -0.114354 0.963086 -0.030493 -0.267460
5015.027832 1464.718324 -361.405486 1040.293254 0.266959 -0.128973 0.955039 -0.069452 -0.991002 -0.114416 0.961202 -0.035784 -0.273514
5024.998535 1463.659768 -356.525124 1047.211318 0.274482 -0.130288 0.952725 -0.077463 -0.990554 -0.113144 0.958467 -0.042745 -0.281982
5034.969727 1462.328390 -350.881758 1052.986766 0.277009 -0.133594 0.951535 -0.086426 -0.989738 -0.113797 0.956972 -0.050715 -0.285712
5044.940918 1461.075500 -343.484478 1060.675790 0.281140 -0.134356 0.950215 -0.099337 -0.988907 -0.110436 0.954512 -0.063344 -0.291367
5054.911621 1460.243764 -338.626864 1068.735850 0.288764 -0.136773 0.947580 -0.106685 -0.988176 -0.110122 0.951438 -0.069293 -0.299941
5064.882813 1459.197004 -332.726568 1075.395372 0.290530 -0.141007 0.946419 -0.115403 -0.987026 -0.111631 0.949881 -0.076788 -0.303033
5074.853516 1458.501462 -327.714574 1084.033990 0.298188 -0.144270 0.943541 -0.122745 -0.986100 -0.111986 0.946582 -0.082422 -0.311751
5084.824707 1457.759766 -323.192590 1092.553110 0.305455 -0.146584 0.940856 -0.127980 -0.985435 -0.111979 0.943567 -0.086206 -0.319766
5094.795898 1457.049962 -318.836992 1101.132196 0.312525 -0.148937 0.938161 -0.132533 -0.984809 -0.112192 0.940618 -0.089274 -0.327516
5104.766602 1456.406590 -313.753262 1109.809088 0.318956 -0.153697 0.935224 -0.139197 -0.983660 -0.114184 0.937492 -0.093761 -0.335138
5114.737793 1455.992772 -309.181876 1118.591464 0.325861 -0.156468 0.932380 -0.144122 -0.982904 -0.114577 0.934368 -0.097040 -0.342841
5124.708496 1455.590596 -305.798846 1127.596618 0.333912 -0.157673 0.929323 -0.145610 -0.982704 -0.114411 0.931290 -0.097115 -0.351096
5134.679688 1455.784244 -300.131940 1138.451024 0.344226 -0.163694 0.924507 -0.156098 -0.980957 -0.115568 0.925819 -0.104532 -0.363224
5144.650879 1455.729868 -295.373674 1148.172654 0.352046 -0.167175 0.920932 -0.162595 -0.979883 -0.115721 0.921752 -0.108999 -0.372146
5154.621582 1456.313056 -291.690006 1158.673446 0.362202 -0.168200 0.916798 -0.166639 -0.979423 -0.113855 0.917083 -0.111536 -0.382777
5164.592773 1456.721010 -285.852084 1168.039794 0.367199 -0.173200 0.913874 -0.176994 -0.977569 -0.114155 0.913147 -0.119833 -0.389618
5174.563477 1456.959094 -282.552474 1176.982436 0.373347 -0.174533 0.911126 -0.179323 -0.977197 -0.113709 0.910195 -0.120932 -0.396131
