3370.695068 1275.369732 181.575761 855.044073 -0.233223 -0.971052 0.051624 -0.933351 0.238434 0.268337 -0.272878 0.014399 -0.961941
3384.499023 1274.698116 181.240824 854.973435 -0.230990 -0.971414 0.054754 -0.932702 0.237102 0.271751 -0.276965 0.011703 -0.960809
3398.302979 1274.036215 181.138757 854.845943 -0.224611 -0.972809 0.056504 -0.933626 0.231447 0.273451 -0.279093 0.008667 -0.960225
3412.106934 1274.407970 181.042271 854.884408 -0.226906 -0.972273 0.056561 -0.933474 0.233678 0.272067 -0.277740 0.008935 -0.960615
3425.911133 1275.009323 182.045974 855.273898 -0.230251 -0.971848 0.049965 -0.933520 0.235087 0.270692 -0.274818 0.015684 -0.961368
3439.715088 1275.356704 181.659796 855.193279 -0.232846 -0.971099 0.052425 -0.933296 0.238286 0.268660 -0.273388 0.013629 -0.961807
3453.519043 1274.376685 181.267469 854.872955 -0.229424 -0.971664 0.056870 -0.932881 0.236183 0.271938 -0.277664 0.009336 -0.960633
3467.322998 1275.161206 181.777958 855.113643 -0.233046 -0.971004 0.053290 -0.933135 0.238712 0.268843 -0.273769 0.012926 -0.961709
3481.126953 1274.900120 181.472306 854.985364 -0.230122 -0.971518 0.056537 -0.933706 0.236794 0.268556 -0.274295 0.009012 -0.961603
3494.930908 1275.184611 181.593635 855.099133 -0.232278 -0.971072 0.055372 -0.933547 0.238558 0.267544 -0.273014 0.010452 -0.961953
3508.735107 1274.994864 182.226345 855.343309 -0.226550 -0.972605 0.052108 -0.935343 0.232170 0.266890 -0.271676 0.011725 -0.962317
3522.539063 1275.039657 182.021363 855.232567 -0.226972 -0.972399 0.054068 -0.935280 0.233114 0.266286 -0.271540 0.009871 -0.962376
3536.343018 1275.242089 181.843918 855.206671 -0.228083 -0.972081 0.055099 -0.935334 0.234476 0.264898 -0.270422 0.008883 -0.962701
3550.146973 1275.467455 181.795281 855.191110 -0.230399 -0.971518 0.055391 -0.934932 0.236789 0.264260 -0.269849 0.009099 -0.962860
3563.950928 1275.386493 181.919987 855.254199 -0.229367 -0.971787 0.054968 -0.935101 0.235678 0.264653 -0.270141 0.009302 -0.962776
3577.755127 1275.194684 182.102699 855.263946 -0.227858 -0.972140 0.054988 -0.935117 0.234220 0.265888 -0.271359 0.009165 -0.962434
3591.559082 1275.673839 182.045442 855.309900 -0.230343 -0.971599 0.054205 -0.935116 0.236419 0.263938 -0.269257 0.010108 -0.963015
3605.363037 1275.252248 182.011647 855.369201 -0.228866 -0.971910 0.054877 -0.934530 0.235147 0.267131 -0.272532 0.009854 -0.962096
3619.166992 1274.956476 181.662068 855.053497 -0.227180 -0.972064 0.059003 -0.934408 0.234646 0.267999 -0.274357 0.005751 -0.961611
3632.970947 1274.558547 181.713794 855.024223 -0.224394 -0.972670 0.059664 -0.934606 0.232143 0.269483 -0.275969 0.004708 -0.961155
3646.774902 1275.280594 182.203676 855.266913 -0.230212 -0.971548 0.055652 -0.933970 0.236646 0.267767 -0.273318 0.009665 -0.961875
3660.579102 1274.858917 181.518655 854.945267 -0.228893 -0.971542 0.060941 -0.933765 0.236823 0.268323 -0.275119 0.004512 -0.961400
3674.383057 1275.099263 181.913292 855.154374 -0.228994 -0.971680 0.058312 -0.934341 0.236208 0.266855 -0.273071 0.006625 -0.961971
3688.187012 1275.691055 181.759628 855.106501 -0.230864 -0.971248 0.058136 -0.935018 0.237987 0.262874 -0.269151 0.006330 -0.963077
3701.990967 1274.907198 181.596935 855.120114 -0.226645 -0.972133 0.059916 -0.934886 0.234390 0.266551 -0.273166 0.004397 -0.961957
3715.794922 1275.053407 181.984691 855.249103 -0.227570 -0.972066 0.057446 -0.934955 0.234608 0.266117 -0.272160 0.006851 -0.962228
3729.599121 1275.194898 181.923919 855.253481 -0.228678 -0.971844 0.056801 -0.935030 0.235507 0.265057 -0.270971 0.007502 -0.962558
3743.403076 1274.996876 182.028131 855.245151 -0.226897 -0.972306 0.056023 -0.935540 0.233584 0.264959 -0.270707 0.007707 -0.962631
3757.207031 1275.178351 182.335438 855.380375 -0.229651 -0.971809 0.053369 -0.935038 0.235515 0.265023 -0.270121 0.010961 -0.962764
3771.010986 1274.798510 181.599113 855.100691 -0.228410 -0.971848 0.057804 -0.935041 0.235521 0.265008 -0.271161 0.006482 -0.962512
3784.814941 1275.020809 182.107319 855.310023 -0.228894 -0.971960 0.053859 -0.935565 0.234934 0.263676 -0.268936 0.009965 -0.963106
3798.619141 1274.835758 181.481248 854.988501 -0.229778 -0.971526 0.057781 -0.935039 0.236840 0.263835 -0.270007 0.006596 -0.962836
3812.423096 1275.122008 181.615727 855.094800 -0.231360 -0.971273 0.055685 -0.935189 0.237810 0.262425 -0.268129 0.008639 -0.963344
3826.227051 1275.040365 181.760940 855.222719 -0.230583 -0.971607 0.053023 -0.935410 0.236344 0.262964 -0.268029 0.011037 -0.963347
3840.031006 1274.795178 182.046540 855.283514 -0.228764 -0.972104 0.051774 -0.935623 0.234244 0.264083 -0.268844 0.011972 -0.963109
3853.834961 1275.099798 181.832052 855.258396 -0.230497 -0.971704 0.051607 -0.935774 0.235892 0.262071 -0.266829 0.012115 -0.963668
3867.638916 1275.086033 181.694192 855.212782 -0.232467 -0.971179 0.052635 -0.935066 0.238057 0.262640 -0.267600 0.011838 -0.963457
3881.443115 1275.353738 181.673964 855.246842 -0.235858 -0.970394 0.052020 -0.934421 0.241165 0.262101 -0.266886 0.013210 -0.963637
3895.247070 1275.065790 181.551474 855.202464 -0.233762 -0.970842 0.053108 -0.934690 0.239430 0.262731 -0.267786 0.011777 -0.963406
3909.051025 1275.070954 181.551007 855.250912 -0.234115 -0.970771 0.052863 -0.934620 0.239704 0.262730 -0.267722 0.012102 -0.963420
3922.854980 1275.360715 181.777476 855.378852 -0.234947 -0.970661 0.051169 -0.934783 0.240064 0.261820 -0.266422 0.013682 -0.963759
3936.658936 1274.894974 181.811721 855.261118 -0.230525 -0.971629 0.052864 -0.935270 0.236238 0.263554 -0.268566 0.011314 -0.963195
3950.462891 1275.018550 181.721488 855.271282 -0.230563 -0.971565 0.053879 -0.935335 0.236553 0.263041 -0.268306 0.010253 -0.963279
3964.267090 1275.227514 181.849109 855.409366 -0.231346 -0.971435 0.052850 -0.935412 0.237039 0.262329 -0.267363 0.011252 -0.963530
3978.071045 1275.051052 181.878209 855.357639 -0.229100 -0.971876 0.054498 -0.935897 0.235318 0.262150 -0.267602 0.009054 -0.963487
3991.875000 1275.053299 181.683275 855.468917 -0.230311 -0.971539 0.055394 -0.935564 0.236725 0.262072 -0.267726 0.008534 -0.963457
4005.678955 1274.972564 182.079093 855.566205 -0.229529 -0.971744 0.055053 -0.935697 0.235878 0.262361 -0.267933 0.008707 -0.963398
4019.482910 1275.105341 181.958939 855.519937 -0.230624 -0.971344 0.057477 -0.935626 0.237592 0.261064 -0.267238 0.006431 -0.963609
4033.287109 1275.103838 182.137804 855.628051 -0.229262 -0.971660 0.057585 -0.936149 0.236313 0.260349 -0.266578 0.005780 -0.963796
4047.091064 1275.049901 182.048397 855.644518 -0.228348 -0.971763 0.059447 -0.936377 0.235931 0.259875 -0.266563 0.003677 -0.963811
4060.895020 1274.962158 181.982539 855.674280 -0.227467 -0.971861 0.061198 -0.936570 0.235550 0.259526 -0.266638 0.001717 -0.963795
4074.698975 1274.936328 182.259025 855.751939 -0.226622 -0.972042 0.061451 -0.936824 0.234803 0.259284 -0.266464 0.001190 -0.963844
4088.502930 1275.715475 181.818919 855.889686 -0.230913 -0.970903 0.063460 -0.936612 0.239474 0.255755 -0.263511 -0.000380 -0.964656
4102.307129 1275.282403 181.804066 855.801633 -0.231222 -0.970679 0.065711 -0.935593 0.240372 0.258627 -0.266839 -0.001678 -0.963740
4116.110840 1275.124240 181.864137 855.817192 -0.230271 -0.970830 0.066810 -0.935359 0.239753 0.260042 -0.268475 -0.002611 -0.963283
4129.915039 1276.073899 182.048534 856.165059 -0.236412 -0.969558 0.063767 -0.934427 0.244856 0.258633 -0.266374 0.001559 -0.963869
4143.719238 1275.218204 181.897723 855.936557 -0.232312 -0.970293 0.067547 -0.933856 0.241925 0.263412 -0.271928 -0.001886 -0.962316
4157.522949 1275.540438 181.873106 856.012960 -0.234429 -0.969775 0.067665 -0.933031 0.243997 0.264422 -0.272940 -0.001146 -0.962030
4171.327148 1276.068474 181.472264 855.963290 -0.237845 -0.968794 0.069766 -0.932145 0.247856 0.263958 -0.273013 -0.002251 -0.962008
4185.130859 1276.920618 181.744919 856.140939 -0.239191 -0.968617 0.067585 -0.932526 0.248556 0.261945 -0.270523 -0.000370 -0.962713
4198.935059 1277.581700 181.844613 856.146905 -0.236748 -0.969207 0.067740 -0.933821 0.246242 0.259504 -0.268194 -0.001820 -0.963363
4212.738770 1278.428312 181.761353 856.055264 -0.233278 -0.970056 0.067622 -0.935497 0.242858 0.256643 -0.265381 -0.003391 -0.964138
4226.542969 1279.915238 181.803095 855.962414 -0.236824 -0.969252 0.066818 -0.935746 0.246055 0.252660 -0.261332 -0.002689 -0.965245
4240.347168 1280.610355 182.022500 855.894927 -0.231678 -0.970642 0.064647 -0.937508 0.240517 0.251457 -0.259623 -0.002350 -0.965707
4254.150879 1281.553891 182.227773 855.766876 -0.230224 -0.971086 0.063156 -0.938142 0.238725 0.250800 -0.258625 -0.001509 -0.965977
4267.955078 1282.435023 182.810900 855.873948 -0.229005 -0.971646 0.058823 -0.938486 0.236426 0.251687 -0.258458 0.002433 -0.966019
4281.758789 1283.117897 183.009410 855.787682 -0.229835 -0.971490 0.058172 -0.937897 0.237054 0.253288 -0.259857 0.003655 -0.965640
4295.562988 1283.726767 182.997083 855.773356 -0.231471 -0.971101 0.058167 -0.936819 0.238621 0.255794 -0.262282 0.004717 -0.964980
4309.366699 1284.405338 182.918526 855.675083 -0.232114 -0.970881 0.059271 -0.936310 0.239527 0.256809 -0.263528 0.004113 -0.964643
4323.170898 1285.251468 182.911430 855.681036 -0.232895 -0.970660 0.059824 -0.936018 0.240425 0.257033 -0.263875 0.003865 -0.964549
4336.975098 1286.700942 183.274330 855.846818 -0.234490 -0.970392 0.057910 -0.936454 0.241474 0.254449 -0.260900 0.005436 -0.965351
4350.778809 1288.186096 183.302155 855.957962 -0.234731 -0.970395 0.056873 -0.937408 0.241458 0.250927 -0.257231 0.005588 -0.966334
4364.583008 1287.502943 183.472911 855.687724 -0.222906 -0.973010 0.059705 -0.939073 0.230762 0.254736 -0.261639 0.000715 -0.965166
4378.387207 1288.675771 183.497403 855.663702 -0.222530 -0.973078 0.059997 -0.939789 0.230476 0.252343 -0.259377 -0.000230 -0.965776
4392.190918 1288.799157 183.673581 855.472341 -0.220466 -0.973500 0.060769 -0.939604 0.228686 0.254651 -0.261800 -0.000957 -0.965122
4405.995117 1290.370242 184.088340 855.624907 -0.224354 -0.972832 0.057125 -0.939947 0.231499 0.250814 -0.257225 0.002576 -0.966348
4419.798828 1290.713552 185.191712 855.722148 -0.223993 -0.973209 0.051871 -0.939680 0.229781 0.253381 -0.258512 0.008013 -0.965975
4433.603027 1291.878648 185.627641 855.659379 -0.223597 -0.973407 0.049829 -0.940699 0.228901 0.250378 -0.255126 0.009110 -0.966865
4447.407227 1292.479601 186.310501 855.621272 -0.223035 -0.973664 0.047265 -0.940701 0.227692 0.251471 -0.255610 0.011624 -0.966710
4461.210938 1293.052086 186.772107 855.548410 -0.221258 -0.974103 0.046566 -0.941046 0.225791 0.251894 -0.255885 0.011913 -0.966634
4475.015137 1294.124947 187.210705 855.664396 -0.218415 -0.974776 0.045890 -0.942651 0.222912 0.248434 -0.252397 0.011004 -0.967561
4488.818848 1293.768246 187.772751 855.731864 -0.213361 -0.975842 0.047004 -0.942477 0.218261 0.253179 -0.257322 0.009718 -0.966277
4502.623047 1294.367248 187.805255 855.745969 -0.215943 -0.975144 0.049630 -0.941765 0.221431 0.253073 -0.257772 0.007909 -0.966173
4516.426758 1294.620811 189.031466 856.011022 -0.209194 -0.976761 0.046650 -0.943755 0.214157 0.251919 -0.256055 0.008674 -0.966623
4530.230957 1294.415933 189.001719 855.873958 -0.205919 -0.977201 0.051732 -0.943661 0.212290 0.253844 -0.259039 0.003454 -0.965861
4544.035156 1294.838078 188.995351 855.659112 -0.205241 -0.977135 0.055533 -0.943997 0.212620 0.252313 -0.258351 -0.000638 -0.966051
4557.838867 1294.872374 189.862357 855.808392 -0.201724 -0.977964 0.053802 -0.944639 0.208776 0.253121 -0.258775 0.000237 -0.965937
4571.643066 1294.545823 190.237263 855.712537 -0.196901 -0.978863 0.055300 -0.945230 0.204508 0.254394 -0.260326 -0.002181 -0.965518
4585.447266 1294.551024 190.498840 855.650030 -0.197886 -0.978561 0.057090 -0.944738 0.205927 0.255076 -0.261364 -0.003459 -0.965234
4599.250977 1294.524139 191.222861 855.812261 -0.198721 -0.978490 0.055393 -0.944467 0.206291 0.255786 -0.261711 -0.001486 -0.965145
4613.055176 1294.320467 191.758272 855.840218 -0.196285 -0.978982 0.055373 -0.945087 0.203934 0.255384 -0.261309 -0.002204 -0.965253
4626.858887 1294.161312 191.962496 855.725337 -0.197191 -0.978733 0.056549 -0.944853 0.205116 0.255304 -0.261473 -0.003087 -0.965206
4640.663086 1294.253569 192.789010 855.845224 -0.198015 -0.978762 0.053047 -0.945199 0.204998 0.254116 -0.259594 0.000179 -0.965718
4654.466797 1293.910631 193.594925 855.951638 -0.195591 -0.979429 0.049618 -0.946027 0.201769 0.253618 -0.258412 0.002666 -0.966031
4668.270996 1293.705225 193.520034 855.705705 -0.196412 -0.979158 0.051687 -0.946119 0.203099 0.252210 -0.257451 0.000635 -0.966291
4682.075195 1293.311430 194.991647 856.082313 -0.195781 -0.979672 0.043735 -0.946468 0.200441 0.253025 -0.256648 0.008143 -0.966471
4695.878906 1292.935469 195.166752 856.000785 -0.199098 -0.979007 0.043648 -0.945733 0.203621 0.253233 -0.256804 0.009139 -0.966420
4709.683105 1292.437835 196.148175 856.178118 -0.200890 -0.978851 0.038643 -0.945393 0.204057 0.254151 -0.256661 0.014524 -0.966392
4723.487305 1291.798975 195.926392 855.919250 -0.202025 -0.978482 0.041945 -0.945144 0.206009 0.253503 -0.256689 0.011570 -0.966425
4737.291016 1291.495196 196.764255 856.065250 -0.205230 -0.977958 0.038447 -0.944866 0.208221 0.252728 -0.255163 0.015540 -0.966773
4751.095215 1290.651857 196.782925 856.010854 -0.201971 -0.978588 0.039666 -0.945900 0.205405 0.251162 -0.253931 0.013208 -0.967132
4764.898926 1290.269451 197.498966 856.244134 -0.203560 -0.978391 0.036262 -0.946162 0.206105 0.249597 -0.251677 0.016498 -0.967671
4778.703125 1289.583609 197.788770 856.287055 -0.202774 -0.978551 0.036341 -0.946747 0.205392 0.247960 -0.250106 0.015874 -0.968088
4792.506836 1288.782135 197.653283 856.183491 -0.202526 -0.978516 0.038585 -0.946981 0.205731 0.246785 -0.249421 0.013441 -0.968302
4806.311035 1288.073273 198.303142 856.468153 -0.204594 -0.978201 0.035539 -0.946694 0.206973 0.246846 -0.248821 0.016859 -0.968403
4820.114746 1287.143526 198.487432 856.483990 -0.207267 -0.977659 0.034974 -0.945832 0.209395 0.248102 -0.249883 0.018344 -0.968102
4833.918945 1286.201870 198.779663 856.452175 -0.208915 -0.977315 0.034782 -0.945189 0.210919 0.249261 -0.250942 0.019198 -0.967812
4847.723145 1285.172293 199.080354 856.501942 -0.210360 -0.977026 0.034186 -0.944519 0.212135 0.250765 -0.252256 0.020462 -0.967444
4861.526855 1284.493409 199.406091 856.559385 -0.212743 -0.976533 0.033533 -0.944048 0.214276 0.250717 -0.252019 0.021681 -0.967480
4875.331055 1283.779527 199.748635 856.712077 -0.213571 -0.976384 0.032567 -0.944063 0.214846 0.250173 -0.251262 0.022685 -0.967653
4889.135254 1282.905229 199.441856 856.664199 -0.214438 -0.976081 0.035795 -0.943844 0.216508 0.249564 -0.251344 0.019731 -0.967697
4902.938965 1282.002179 199.824913 856.841606 -0.212712 -0.976487 0.035030 -0.944379 0.214656 0.249141 -0.250802 0.019913 -0.967834
4916.743164 1281.246972 200.016650 856.932343 -0.212210 -0.976599 0.034958 -0.944706 0.214169 0.248319 -0.249995 0.019671 -0.968047
4930.546875 1280.815736 200.397425 857.067836 -0.214291 -0.976208 0.033134 -0.944540 0.215743 0.247585 -0.248843 0.021759 -0.968299
4944.351074 1279.808249 200.560811 857.112226 -0.214085 -0.976255 0.033068 -0.944090 0.215484 0.249521 -0.250722 0.022200 -0.967805
4958.154785 1278.797865 200.481360 857.002822 -0.214040 -0.976196 0.035043 -0.943431 0.215890 0.251652 -0.253227 0.020803 -0.967183
4971.958984 1278.062550 200.362404 856.945673 -0.219610 -0.974892 0.036852 -0.941464 0.221680 0.253975 -0.255768 0.021080 -0.966508
4985.763184 1277.374649 200.833919 857.186464 -0.223602 -0.974055 0.034918 -0.940066 0.224985 0.256237 -0.257445 0.024470 -0.965983
4999.566895 1276.789066 201.076026 857.409859 -0.224919 -0.973776 0.034218 -0.939846 0.226081 0.256079 -0.257100 0.025437 -0.966050
5013.371094 1276.060253 201.388239 857.576617 -0.223057 -0.974201 0.034321 -0.940276 0.224310 0.256060 -0.257152 0.024845 -0.966052
5027.174805 1275.388825 201.221215 857.386143 -0.219696 -0.974829 0.037982 -0.941251 0.222042 0.254448 -0.256477 0.020150 -0.966340
5040.979004 1274.917667 201.739860 857.497267 -0.218437 -0.975177 0.036255 -0.941707 0.220390 0.254198 -0.255878 0.021385 -0.966472
5054.782715 1274.279901 201.952695 857.430372 -0.215375 -0.975836 0.036841 -0.942414 0.217588 0.253992 -0.255871 0.019984 -0.966504
5068.586914 1273.964712 202.497368 857.534012 -0.216989 -0.975545 0.035030 -0.942161 0.218684 0.253988 -0.255438 0.022109 -0.966573
5082.391113 1273.111902 202.830359 857.630684 -0.217520 -0.975436 0.034764 -0.941296 0.219061 0.256855 -0.258161 0.023148 -0.965825
5096.194824 1272.781980 203.192224 857.743121 -0.223041 -0.974190 0.034727 -0.939530 0.224330 0.258766 -0.259878 0.025088 -0.965315
5109.999023 1272.067674 203.432912 857.830517 -0.223327 -0.974076 0.036080 -0.938851 0.224908 0.260722 -0.262078 0.024353 -0.964739
5123.803223 1272.424056 204.281277 858.356100 -0.229018 -0.972904 0.031758 -0.937984 0.229286 0.260027 -0.260263 0.029763 -0.965079
5137.606934 1271.023684 204.332501 858.176852 -0.220435 -0.974684 0.037410 -0.938965 0.222429 0.262432 -0.264109 0.022723 -0.964225
5151.411133 1270.627745 204.732854 858.245021 -0.217918 -0.975194 0.038835 -0.939496 0.220384 0.262257 -0.264310 0.020665 -0.964216
5165.214844 1270.520208 205.015450 858.237203 -0.219268 -0.974815 0.040700 -0.939174 0.222185 0.261889 -0.264336 0.019200 -0.964239
5179.019043 1269.846093 205.573799 858.297334 -0.213354 -0.976098 0.041395 -0.940294 0.216661 0.262499 -0.265193 0.017082 -0.964044
5192.822754 1269.441031 206.278137 858.346132 -0.211236 -0.976569 0.041147 -0.940691 0.214549 0.262809 -0.265479 0.016808 -0.963970
5206.626953 1269.031529 207.342092 858.528636 -0.210629 -0.976806 0.038531 -0.940596 0.213243 0.264208 -0.266296 0.019408 -0.963696
5220.431152 1268.801669 207.700118 858.471631 -0.212839 -0.976252 0.040391 -0.939867 0.215857 0.264682 -0.267115 0.018373 -0.963489
5234.234863 1269.188189 208.366682 858.582930 -0.218055 -0.975103 0.040321 -0.939089 0.220889 0.263287 -0.265638 0.019546 -0.963875
5248.039063 1269.008788 208.914389 858.607825 -0.216125 -0.975462 0.041988 -0.939545 0.219481 0.262837 -0.265603 0.017356 -0.963926
5261.842773 1268.988146 209.419542 858.771310 -0.214725 -0.975730 0.042941 -0.939954 0.218395 0.262278 -0.265290 0.015955 -0.964037
5275.646973 1268.975361 209.708686 858.777013 -0.211756 -0.976211 0.046607 -0.940585 0.216516 0.261573 -0.265441 0.011552 -0.964058
5289.450684 1269.050362 210.044063 858.884991 -0.210455 -0.976404 0.048410 -0.940755 0.215742 0.261601 -0.265873 0.009513 -0.963961
5303.254883 1269.322961 210.392099 859.003875 -0.209782 -0.976495 0.049494 -0.940973 0.215385 0.261112 -0.265635 0.008205 -0.964039
5317.059082 1269.318972 210.520621 858.859863 -0.206981 -0.976911 0.052958 -0.941328 0.213606 0.261293 -0.266572 0.004232 -0.963806
5330.862793 1269.380741 210.527485 858.585810 -0.205001 -0.977081 0.057335 -0.941490 0.212867 0.261314 -0.267529 -0.000410 -0.963550
5344.666992 1270.073063 211.491485 858.889303 -0.208447 -0.976615 0.052658 -0.940970 0.214938 0.261490 -0.266693 0.004957 -0.963769
5358.471191 1270.507247 211.884378 858.783109 -0.208132 -0.976650 0.053254 -0.941121 0.214795 0.261063 -0.266405 0.004217 -0.963852
5372.274902 1271.457585 212.230496 858.776853 -0.210499 -0.976220 0.051815 -0.941255 0.216706 0.258992 -0.264062 0.005746 -0.964489
5386.079102 1271.854985 212.523750 858.655394 -0.207832 -0.976775 0.052124 -0.941944 0.214218 0.258558 -0.263718 0.004639 -0.964589
5399.882813 1272.721033 212.795961 858.625989 -0.209312 -0.976516 0.051046 -0.942047 0.215370 0.257222 -0.262175 0.005752 -0.965003
5413.687012 1273.145248 213.059267 858.486285 -0.205944 -0.977235 0.050973 -0.942926 0.212104 0.256714 -0.261682 0.004805 -0.965142
5427.490723 1273.762350 212.934808 858.354483 -0.205515 -0.977278 0.051884 -0.943231 0.211933 0.255736 -0.260921 0.003619 -0.965353
5441.294922 1274.899839 213.776079 858.541187 -0.208169 -0.976954 0.047177 -0.943337 0.213282 0.254217 -0.258420 0.008416 -0.965996
5455.099121 1275.535779 214.297210 858.574540 -0.205334 -0.977683 0.044437 -0.944403 0.209849 0.253114 -0.256790 0.010006 -0.966415
5468.902832 1276.469021 214.186358 858.346999 -0.205507 -0.977610 0.045235 -0.944994 0.210245 0.250567 -0.254467 0.008747 -0.967042
5482.707031 1277.202951 214.574625 858.167942 -0.204047 -0.977975 0.043925 -0.945538 0.208506 0.249964 -0.253618 0.009472 -0.967258
5496.511230 1278.316023 215.203243 858.329514 -0.206627 -0.977644 0.038960 -0.945465 0.209757 0.249193 -0.251794 0.014655 -0.967670
5510.314941 1279.043659 215.432392 858.242768 -0.207628 -0.977469 0.038014 -0.945115 0.210475 0.249918 -0.252288 0.015962 -0.967521
5524.119141 1279.817993 215.359895 858.193226 -0.210197 -0.976910 0.038259 -0.944272 0.213003 0.250959 -0.253314 0.016623 -0.967241
5537.922852 1280.305660 215.774096 858.199148 -0.208027 -0.977402 0.037556 -0.944476 0.210707 0.252125 -0.254341 0.016978 -0.966966
5551.727051 1280.844863 215.891087 858.200256 -0.208474 -0.977302 0.037677 -0.943892 0.211137 0.253947 -0.256138 0.017378 -0.966484
5565.531250 1281.541276 216.496930 858.284389 -0.205883 -0.977913 0.036045 -0.944517 0.208216 0.254035 -0.255929 0.018256 -0.966523
5579.334961 1282.718180 216.730146 858.309677 -0.205415 -0.978031 0.035492 -0.945239 0.207665 0.251791 -0.253630 0.018174 -0.967131
5593.138672 1283.783815 217.387328 858.434882 -0.203349 -0.978558 0.032772 -0.946213 0.205011 0.250304 -0.251656 0.019890 -0.967612
5606.942871 1284.426314 217.270530 858.078411 -0.198157 -0.979504 0.036127 -0.947362 0.200851 0.249327 -0.251473 0.015180 -0.967745
5620.747070 1285.386569 218.036755 858.243512 -0.195482 -0.980155 0.032923 -0.948301 0.197474 0.248454 -0.250025 0.017348 -0.968084
5634.550781 1286.753216 218.683909 858.261512 -0.197995 -0.979734 0.030334 -0.948170 0.199279 0.247509 -0.248538 0.020244 -0.968411
5648.354980 1287.572267 218.908232 858.043722 -0.194506 -0.980387 0.031757 -0.949011 0.196272 0.246689 -0.248084 0.017845 -0.968574
5662.159180 1288.957066 219.551597 858.087056 -0.198229 -0.979705 0.029723 -0.948302 0.199366 0.246936 -0.247850 0.020764 -0.968576
5675.962891 1289.688630 219.965215 857.976400 -0.194120 -0.980495 0.030771 -0.948871 0.195634 0.247733 -0.248921 0.018892 -0.968339
5689.767090 1290.437653 220.895051 858.120681 -0.188294 -0.981694 0.028665 -0.949879 0.189453 0.248671 -0.249549 0.019595 -0.968164
5703.570801 1291.363007 221.383766 858.191627 -0.185679 -0.982178 0.029136 -0.950173 0.187027 0.249385 -0.250390 0.018621 -0.967966
5717.375000 1291.652385 222.049794 858.201652 -0.176734 -0.983785 0.030527 -0.951299 0.178693 0.251196 -0.252578 0.015354 -0.967455
5731.179199 1292.742496 222.541646 858.272870 -0.178652 -0.983411 0.031395 -0.950828 0.180761 0.251500 -0.253003 0.015079 -0.967348
5744.982910 1293.386203 223.025635 858.269458 -0.177746 -0.983530 0.032777 -0.950683 0.180222 0.252432 -0.254182 0.013708 -0.967059
5758.787109 1293.976268 223.141931 857.911181 -0.174472 -0.983918 0.038282 -0.951124 0.178462 0.252021 -0.254800 0.007560 -0.966964
5772.590820 1294.724003 223.855932 858.031988 -0.173934 -0.984022 0.038050 -0.951210 0.177883 0.252108 -0.254848 0.007656 -0.966951
5786.395020 1295.206945 224.491856 857.996165 -0.170851 -0.984516 0.039221 -0.951622 0.175199 0.252429 -0.255392 0.005804 -0.966820
5800.199219 1295.313175 224.728653 857.865939 -0.166611 -0.985106 0.042512 -0.951890 0.171940 0.253659 -0.257191 0.001796 -0.966359
5814.002930 1295.874933 225.640811 858.120341 -0.166676 -0.985181 0.040454 -0.951884 0.171473 0.253996 -0.257169 0.003828 -0.966359
5827.807129 1296.313502 225.739810 857.983199 -0.166636 -0.985070 0.043237 -0.951937 0.172151 0.253336 -0.256997 0.001056 -0.966412
5841.610840 1296.548746 226.431480 857.972588 -0.163594 -0.985580 0.043242 -0.952705 0.169213 0.252429 -0.256106 0.000099 -0.966649
5855.415039 1296.605414 227.516334 858.134732 -0.159731 -0.986380 0.039238 -0.953666 0.164456 0.251942 -0.254963 0.002823 -0.966947
5869.218750 1297.017489 228.134165 857.997790 -0.160416 -0.986282 0.038928 -0.953994 0.165044 0.250312 -0.253303 0.003017 -0.967382
5883.022949 1297.434241 228.940176 858.040554 -0.162712 -0.986034 0.035508 -0.954055 0.166408 0.249175 -0.251604 0.006667 -0.967807
5896.827148 1297.246900 229.412736 857.907680 -0.159731 -0.986523 0.035477 -0.954570 0.163516 0.249115 -0.251559 0.005926 -0.967824
5910.630859 1297.408158 229.888737 857.910960 -0.159472 -0.986602 0.034426 -0.955072 0.163013 0.247516 -0.249811 0.006593 -0.968272
5924.435059 1297.448972 230.841221 858.119662 -0.159941 -0.986654 0.030535 -0.955275 0.162500 0.247071 -0.248735 0.010347 -0.968516
5938.238770 1296.914773 230.746893 858.014026 -0.157593 -0.986950 0.033089 -0.955496 0.160862 0.247286 -0.249382 0.007354 -0.968377
5952.042969 1296.879006 231.807201 858.401803 -0.158528 -0.986951 0.028216 -0.955857 0.160568 0.246081 -0.247401 0.012040 -0.968838
5965.847168 1296.522588 231.931199 858.415387 -0.159601 -0.986760 0.028855 -0.955771 0.161772 0.245626 -0.247042 0.011623 -0.968935
5979.650879 1296.000331 232.260938 858.484328 -0.156775 -0.987234 0.028133 -0.956616 0.158872 0.244225 -0.245577 0.011376 -0.969310
5993.455078 1295.387558 232.452546 858.412560 -0.154222 -0.987637 0.028074 -0.957199 0.156392 0.243540 -0.244920 0.010686 -0.969484
6007.258789 1294.479846 232.876651 858.309996 -0.153559 -0.987765 0.027197 -0.956939 0.155516 0.245119 -0.246349 0.011614 -0.969112
6021.062988 1293.799306 233.355290 858.313804 -0.153207 -0.987876 0.025061 -0.957047 0.154648 0.245246 -0.246148 0.013589 -0.969137
6034.866699 1292.772148 234.155638 858.401195 -0.152535 -0.988066 0.021412 -0.956871 0.153070 0.246915 -0.247246 0.017175 -0.968801
6048.670898 1292.480266 234.248034 858.308353 -0.159785 -0.986915 0.021619 -0.955819 0.160151 0.246500 -0.246737 0.018723 -0.968902
6062.475098 1291.465426 234.564610 858.368402 -0.159535 -0.986972 0.020856 -0.955728 0.159708 0.247137 -0.247248 0.019494 -0.968756
6076.278809 1290.794223 235.156828 858.652289 -0.160079 -0.986945 0.017733 -0.955944 0.159479 0.246452 -0.246062 0.022500 -0.968993
6090.083008 1290.147316 235.459207 858.726295 -0.161328 -0.986741 0.017745 -0.955892 0.160706 0.245855 -0.245447 0.022701 -0.969144
6103.886719 1289.287421 235.990173 859.031105 -0.160338 -0.986950 0.014870 -0.956201 0.159045 0.245731 -0.244889 0.025181 -0.969224
6117.690918 1288.386971 236.221126 859.034717 -0.160092 -0.986970 0.016124 -0.956072 0.159102 0.246196 -0.245554 0.023998 -0.969086
6131.495117 1287.201607 236.095575 858.857822 -0.158232 -0.987206 0.019657 -0.956036 0.158153 0.246946 -0.246895 0.020282 -0.968830
6145.298828 1286.538038 237.178054 859.313822 -0.159618 -0.987072 0.014502 -0.955973 0.158221 0.247149 -0.246249 0.025586 -0.968869
6159.103027 1285.355574 236.862932 858.996863 -0.159187 -0.987052 0.019678 -0.955576 0.159057 0.248144 -0.248061 0.020698 -0.968523
6172.906738 1284.385513 237.467964 859.185268 -0.160145 -0.986927 0.018151 -0.955126 0.159574 0.249539 -0.249173 0.022625 -0.968195
6186.710938 1283.251833 237.541272 859.127146 -0.159100 -0.987043 0.020809 -0.955042 0.159214 0.250091 -0.250164 0.019916 -0.967999
6200.515137 1282.448902 237.733812 859.234159 -0.160258 -0.986844 0.021380 -0.954853 0.160479 0.250006 -0.250148 0.019651 -0.968008
6214.318848 1281.697023 238.510790 859.599976 -0.163264 -0.986426 0.017583 -0.954288 0.162418 0.250908 -0.250358 0.024185 -0.967851
6228.123047 1280.575710 238.340477 859.375585 -0.161901 -0.986564 0.021903 -0.954198 0.162171 0.251411 -0.251585 0.019804 -0.967633
6241.926758 1279.735927 239.106073 859.616098 -0.162759 -0.986479 0.019230 -0.953934 0.162308 0.252322 -0.252032 0.022723 -0.967452
6255.730957 1278.717877 239.705368 859.759156 -0.161456 -0.986714 0.018113 -0.953959 0.160745 0.253226 -0.252773 0.023606 -0.967237
6269.535156 1278.047796 239.974934 859.842259 -0.165226 -0.986081 0.018543 -0.953034 0.164471 0.254313 -0.253823 0.024347 -0.966944
6283.338867 1277.131910 240.688386 860.071239 -0.166320 -0.985922 0.017214 -0.952374 0.165137 0.256345 -0.255579 0.026242 -0.966432
6297.143066 1276.024854 240.704220 860.096658 -0.162742 -0.986470 0.019777 -0.952671 0.162319 0.257042 -0.256774 0.022990 -0.966198
6310.947266 1275.313088 241.277985 860.246761 -0.163566 -0.986325 0.020226 -0.952262 0.163208 0.257991 -0.257764 0.022938 -0.965936
6324.750977 1274.208191 241.299282 860.246704 -0.161057 -0.986671 0.023244 -0.952154 0.161535 0.259440 -0.259736 0.019653 -0.965480
6338.555176 1273.469082 241.718700 860.333030 -0.161289 -0.986606 0.024388 -0.951855 0.162040 0.260222 -0.260689 0.018757 -0.965241
6352.358887 1273.099136 242.866660 860.733206 -0.164871 -0.986107 0.020261 -0.951211 0.164401 0.261094 -0.260798 0.023774 -0.965101
6366.163086 1272.387010 243.139263 860.648546 -0.163944 -0.986206 0.022805 -0.951162 0.164164 0.261422 -0.261560 0.021167 -0.964955
6379.966797 1271.836249 243.603180 860.629587 -0.162930 -0.986342 0.024161 -0.951216 0.163536 0.261618 -0.261996 0.019643 -0.964869
6393.770996 1271.407822 244.628478 860.937840 -0.162274 -0.986513 0.021423 -0.951261 0.162172 0.262303 -0.262239 0.022186 -0.964748
6407.574707 1271.159031 245.560841 861.180828 -0.162078 -0.986590 0.019267 -0.951295 0.161409 0.262650 -0.262237 0.024241 -0.964699
6421.378906 1270.725958 245.837169 861.073477 -0.160964 -0.986695 0.022891 -0.950990 0.161260 0.263842 -0.264023 0.020700 -0.964294
6435.183105 1270.464341 246.843881 861.365333 -0.159857 -0.986921 0.020809 -0.950878 0.159612 0.265245 -0.265097 0.022614 -0.963957
6448.986816 1270.044305 247.000252 861.182098 -0.158151 -0.987058 0.026544 -0.950572 0.159469 0.266426 -0.267211 0.016904 -0.963490
6462.791016 1269.647536 247.484542 861.193240 -0.156722 -0.987208 0.029310 -0.950121 0.158804 0.268424 -0.269645 0.014220 -0.962855
6476.594727 1270.011848 248.632159 861.531572 -0.159401 -0.986825 0.027719 -0.949818 0.160958 0.268213 -0.269141 0.016426 -0.962961
6490.398926 1270.035613 248.551589 861.276984 -0.159892 -0.986515 0.034981 -0.949436 0.163388 0.268097 -0.270197 0.009655 -0.962757
6504.203125 1270.057537 249.277728 861.369801 -0.155166 -0.987217 0.036427 -0.950253 0.159235 0.267701 -0.270079 0.006923 -0.962813
6518.006836 1270.485933 249.935180 861.491897 -0.155299 -0.987144 0.037789 -0.950259 0.159732 0.267381 -0.269980 0.005615 -0.962850
6531.811035 1270.569727 250.405926 861.351356 -0.149759 -0.987853 0.041452 -0.950942 0.155388 0.267516 -0.270707 0.000644 -0.962661
6545.614746 1271.296171 251.546215 861.657435 -0.151846 -0.987671 0.038065 -0.950510 0.156478 0.268412 -0.271059 0.004576 -0.962552
6559.418945 1271.346915 252.009368 861.612501 -0.145487 -0.988549 0.040064 -0.950975 0.150898 0.269955 -0.272909 0.001175 -0.962039
6573.223145 1272.189625 252.416071 861.575892 -0.148460 -0.988038 0.041722 -0.950336 0.154210 0.270335 -0.273535 0.000484 -0.961862
6587.026855 1272.714929 252.882621 861.615652 -0.148937 -0.987939 0.042360 -0.949776 0.154843 0.271936 -0.275215 0.000269 -0.961383
6600.831055 1272.856175 253.123234 861.415285 -0.145748 -0.988245 0.046147 -0.949302 0.152833 0.274715 -0.278538 -0.003769 -0.960418
6614.634766 1273.614229 253.622724 861.483998 -0.145577 -0.988255 0.046472 -0.949174 0.152761 0.275196 -0.279063 -0.004047 -0.960264
6628.438965 1274.255737 253.867668 861.396231 -0.145053 -0.988234 0.048504 -0.948893 0.152831 0.276124 -0.280288 -0.005973 -0.959897
6642.243164 1274.843117 254.005617 861.306489 -0.141933 -0.988563 0.050976 -0.949179 0.150532 0.276404 -0.280916 -0.009155 -0.959689
6656.046875 1275.981272 254.463668 861.459587 -0.142710 -0.988509 0.049834 -0.949501 0.150946 0.275069 -0.279430 -0.008062 -0.960132
6669.851074 1276.875429 254.902857 861.482859 -0.140897 -0.988779 0.049637 -0.950004 0.149143 0.274315 -0.278640 -0.008506 -0.960358
6683.654785 1277.846049 254.875409 861.423709 -0.140826 -0.988752 0.050368 -0.950270 0.149268 0.273325 -0.277769 -0.009372 -0.960602
6697.458984 1278.562351 255.236325 861.398193 -0.136595 -0.989375 0.049796 -0.951205 0.145033 0.272349 -0.276677 -0.010164 -0.960909
6711.263184 1279.559495 255.522141 861.265609 -0.136830 -0.989376 0.049109 -0.951366 0.145063 0.271771 -0.276008 -0.009535 -0.961108
6725.066895 1280.540279 256.145156 861.222369 -0.137652 -0.989392 0.046432 -0.951422 0.145113 0.271548 -0.275405 -0.006797 -0.961304
6738.871094 1281.335759 256.293621 860.997326 -0.136247 -0.989575 0.046670 -0.951623 0.143828 0.271526 -0.275408 -0.007418 -0.961299
6752.674805 1282.487538 256.650344 860.912336 -0.140630 -0.989042 0.044940 -0.950983 0.147567 0.271764 -0.275417 -0.004519 -0.961314
6766.479004 1283.375393 257.136999 860.833596 -0.138069 -0.989510 0.042508 -0.951703 0.144432 0.270925 -0.274222 -0.003049 -0.961661
6780.282715 1284.705969 257.590672 860.834691 -0.140353 -0.989286 0.040186 -0.951961 0.145992 0.269178 -0.272161 -0.000476 -0.962252
6794.086914 1285.916869 258.101377 860.951410 -0.139102 -0.989580 0.037167 -0.952947 0.143972 0.266764 -0.269336 0.001689 -0.963045
6807.891113 1286.984924 258.493515 860.882608 -0.137058 -0.989913 0.035877 -0.953719 0.141659 0.265240 -0.267647 0.002136 -0.963515
6821.694824 1288.167037 259.177888 861.052203 -0.137559 -0.989960 0.032496 -0.953982 0.141242 0.264516 -0.266451 0.005386 -0.963834
6835.499023 1288.959195 259.374997 861.017844 -0.133125 -0.990557 0.032771 -0.954851 0.137047 0.263587 -0.265589 0.003798 -0.964079
6849.302734 1289.689139 259.748451 860.918199 -0.129932 -0.990952 0.033642 -0.955271 0.134201 0.263529 -0.265660 0.002104 -0.964065
6863.106934 1290.735840 260.064489 860.822852 -0.132931 -0.990522 0.034569 -0.954685 0.137337 0.264038 -0.266283 0.002096 -0.963893
6876.911133 1291.855313 260.760207 860.901696 -0.133173 -0.990549 0.032821 -0.954879 0.137107 0.263452 -0.265462 0.003744 -0.964114
6890.714844 1292.902341 261.531820 860.941748 -0.131897 -0.990758 0.031641 -0.955315 0.135567 0.262668 -0.264530 0.004418 -0.964367
6904.519043 1293.549693 261.967330 860.735193 -0.126544 -0.991394 0.033529 -0.956020 0.130905 0.262470 -0.264601 0.001159 -0.964357
6918.322754 1294.471621 262.743081 860.857222 -0.124878 -0.991674 0.031436 -0.956250 0.128744 0.262698 -0.264558 0.002744 -0.964366
6932.126953 1295.074177 263.593822 860.801789 -0.117716 -0.992566 0.030909 -0.957271 0.121699 0.262340 -0.264151 0.001293 -0.964480
6945.931152 1295.957050 264.603812 860.835111 -0.114835 -0.992951 0.029337 -0.957695 0.118506 0.262253 -0.263881 0.002020 -0.964553
6959.734863 1296.526072 265.149238 860.746217 -0.111597 -0.993286 0.030478 -0.957830 0.115684 0.263020 -0.264780 0.000159 -0.964309
6973.539063 1297.335393 265.772466 860.870821 -0.112075 -0.993223 0.030788 -0.957557 0.116227 0.263772 -0.265563 0.000081 -0.964093
6987.342773 1297.795541 265.977777 860.612115 -0.111468 -0.993131 0.035569 -0.957081 0.116920 0.265191 -0.267529 -0.004483 -0.963540
7001.146973 1298.150895 266.742972 860.763513 -0.109176 -0.993367 0.036094 -0.956962 0.114859 0.266516 -0.268894 -0.005444 -0.963154
7014.950684 1298.078625 267.760946 861.050164 -0.104486 -0.993947 0.033950 -0.956789 0.109777 0.269265 -0.271362 -0.004349 -0.962468
7028.754883 1298.695064 268.097153 860.965645 -0.106633 -0.993626 0.036569 -0.956433 0.112556 0.269383 -0.271782 -0.006251 -0.962339
7042.559082 1299.092679 269.044791 861.046362 -0.102754 -0.994064 0.035768 -0.957268 0.108595 0.268041 -0.270334 -0.006697 -0.962743
7056.362793 1298.944862 270.363929 861.351798 -0.098632 -0.994624 0.031539 -0.957290 0.103490 0.269974 -0.271787 -0.003564 -0.962351
7070.166992 1299.233772 270.763765 861.162450 -0.097077 -0.994711 0.033555 -0.957865 0.102532 0.268295 -0.270317 -0.006096 -0.962752
7083.971191 1299.124662 271.575192 861.169680 -0.094815 -0.994972 0.032247 -0.957991 0.100003 0.268797 -0.270670 -0.005406 -0.962657
7097.774902 1298.859873 272.566056 861.175806 -0.094847 -0.995012 0.030898 -0.957464 0.099677 0.270789 -0.272519 -0.003901 -0.962143
7111.579102 1298.315585 272.891619 861.116460 -0.091834 -0.995274 0.031566 -0.957371 0.096966 0.272099 -0.273874 -0.005232 -0.961751
7125.382813 1297.858706 273.396698 861.017540 -0.091027 -0.995298 0.033118 -0.957133 0.096622 0.273058 -0.274973 -0.006842 -0.961427
7139.187012 1297.115886 273.894718 861.109839 -0.090132 -0.995382 0.033015 -0.956582 0.095749 0.275288 -0.277178 -0.006769 -0.960795
7152.990723 1296.993749 274.418807 861.222797 -0.092026 -0.995240 0.032087 -0.956931 0.097302 0.273524 -0.275345 -0.005534 -0.961330
7166.794922 1296.050309 274.785846 861.216899 -0.089337 -0.995450 0.033152 -0.956785 0.095020 0.274835 -0.276735 -0.007166 -0.960920
7180.599121 1295.697602 275.557613 861.319162 -0.088224 -0.995622 0.030884 -0.957732 0.093307 0.272110 -0.273800 -0.005572 -0.961770
7194.402832 1294.800019 275.999005 861.398967 -0.088247 -0.995653 0.029781 -0.957399 0.093033 0.273372 -0.274954 -0.004388 -0.961447
7208.207031 1293.933970 276.297869 861.430268 -0.086606 -0.995809 0.029404 -0.957579 0.091352 0.273309 -0.274850 -0.004486 -0.961477
7222.010742 1293.365458 276.679682 861.414049 -0.089998 -0.995539 0.028310 -0.957427 0.094311 0.272835 -0.274288 -0.002550 -0.961644
7235.814941 1292.433714 277.105921 861.460351 -0.089070 -0.995660 0.026983 -0.957526 0.093055 0.272918 -0.274245 -0.001528 -0.961659
7249.619141 1291.864572 277.608928 861.626581 -0.092659 -0.995413 0.023816 -0.957425 0.095640 0.272378 -0.273406 0.002436 -0.961896
7263.422852 1291.291942 277.897016 861.444652 -0.095537 -0.995137 0.023965 -0.957587 0.098453 0.270801 -0.271844 0.002923 -0.962337
7277.227051 1290.286818 278.435474 861.552993 -0.093458 -0.995395 0.021307 -0.958131 0.095736 0.269850 -0.270648 0.004805 -0.962667
7291.030762 1289.311090 279.225544 861.788102 -0.094699 -0.995349 0.017702 -0.958027 0.095953 0.270143 -0.270585 0.008623 -0.962657
7304.834961 1288.437143 279.629231 861.985076 -0.096887 -0.995173 0.015609 -0.957799 0.097490 0.270401 -0.270617 0.011248 -0.962621
7318.639160 1287.550748 279.881796 862.008419 -0.098583 -0.994994 0.016407 -0.957714 0.099342 0.270029 -0.270307 0.010907 -0.962712
7332.442871 1286.620509 280.354332 862.291144 -0.101242 -0.994745 0.015262 -0.957219 0.101580 0.270947 -0.271074 0.012822 -0.962473
7346.247070 1285.683194 280.591151 862.399643 -0.102274 -0.994623 0.016272 -0.957034 0.102845 0.271126 -0.271341 0.012156 -0.962406
7360.050781 1284.832521 280.701704 862.428361 -0.103111 -0.994488 0.019017 -0.956867 0.104395 0.271121 -0.271612 0.009759 -0.962357
7373.854980 1283.491955 281.003572 862.556416 -0.098911 -0.994905 0.019496 -0.956971 0.100474 0.272233 -0.272805 0.008270 -0.962034
7387.658691 1282.383856 281.215716 862.653841 -0.097612 -0.994994 0.021407 -0.956783 0.099740 0.273164 -0.273932 0.006182 -0.961729
7401.462891 1280.964190 281.907545 862.858872 -0.094043 -0.995351 0.020788 -0.956658 0.096129 0.274892 -0.275612 0.005964 -0.961250
7415.267090 1280.060811 281.918081 862.846613 -0.097289 -0.994983 0.023308 -0.955940 0.099937 0.276028 -0.276973 0.004573 -0.960867
7429.070801 1279.257173 282.269969 862.895108 -0.100030 -0.994696 0.023972 -0.955636 0.102754 0.276045 -0.277044 0.004705 -0.960846
7442.875000 1278.257765 282.175583 862.718772 -0.100057 -0.994597 0.027664 -0.955409 0.103804 0.276437 -0.277815 0.001229 -0.960634
7456.678711 1277.268163 282.756951 862.822238 -0.098807 -0.994736 0.027174 -0.955524 0.102466 0.276540 -0.277868 0.001359 -0.960618
7470.482910 1276.487294 283.173822 862.936621 -0.100113 -0.994606 0.027124 -0.955285 0.103707 0.276902 -0.278222 0.001810 -0.960515
7484.287109 1275.919559 283.646575 863.135607 -0.102145 -0.994419 0.026392 -0.955222 0.105456 0.276459 -0.277699 0.003029 -0.960663
7498.090820 1274.675717 283.714454 863.082129 -0.098997 -0.994685 0.028305 -0.955083 0.102963 0.277876 -0.279313 0.000475 -0.960200
7511.895020 1274.011052 284.311113 863.330918 -0.100309 -0.994602 0.026549 -0.954834 0.103731 0.278445 -0.279696 0.002581 -0.960085
7525.698730 1273.419599 284.892222 863.493231 -0.103937 -0.994264 0.025235 -0.954086 0.106839 0.279831 -0.280922 0.005009 -0.959718
