13261.420898 1021.710788 -547.198540 632.801115 -0.130535 -0.984082 0.120599 -0.977709 0.147948 0.148988 -0.164459 -0.098463 -0.981457
13271.391602 1021.279391 -545.105206 632.702647 -0.125604 -0.984192 0.124856 -0.976657 0.144774 0.158688 -0.174256 -0.102010 -0.979402
13281.362305 1021.884410 -543.828174 632.725504 -0.127342 -0.984329 0.121986 -0.975169 0.146716 0.165892 -0.181189 -0.097832 -0.978570
13291.333008 1022.137603 -542.385483 632.637518 -0.127351 -0.984181 0.123164 -0.973842 0.147630 0.172735 -0.188185 -0.097944 -0.977238
13301.304688 1022.703465 -541.122019 632.573059 -0.125001 -0.984693 0.121471 -0.973187 0.145515 0.178138 -0.193087 -0.095946 -0.976479
13311.275391 1022.008329 -539.818446 632.187688 -0.120988 -0.984162 0.129563 -0.972895 0.143477 0.181352 -0.197070 -0.104110 -0.974846
13321.246094 1022.140678 -539.295106 632.215387 -0.119771 -0.984396 0.128917 -0.973338 0.142015 0.180127 -0.195624 -0.103906 -0.975159
13331.217773 1022.742333 -539.006916 632.299174 -0.123499 -0.984371 0.125544 -0.973444 0.144747 0.177355 -0.192756 -0.100307 -0.976106
13341.188477 1022.916802 -538.452983 632.332983 -0.122856 -0.984613 0.124269 -0.974117 0.143581 0.174585 -0.189742 -0.099603 -0.976769
13351.159180 1023.063396 -538.303719 632.311123 -0.127221 -0.984037 0.124441 -0.974605 0.147328 0.168639 -0.184280 -0.099827 -0.977791
13361.129883 1023.089267 -537.913350 632.325702 -0.130861 -0.983438 0.125397 -0.975020 0.150563 0.163297 -0.179473 -0.100896 -0.978575
13371.101563 1022.641099 -537.547598 632.197576 -0.138503 -0.981891 0.129257 -0.974791 0.158212 0.157329 -0.174930 -0.104208 -0.979051
13381.072266 1023.035828 -536.696872 632.277622 -0.139967 -0.981801 0.128363 -0.975048 0.159228 0.154683 -0.172307 -0.103509 -0.979590
13391.042969 1022.851394 -535.969194 632.246556 -0.148077 -0.980243 0.131136 -0.974274 0.167366 0.150927 -0.169893 -0.105413 -0.979808
13401.014648 1022.643846 -534.707872 632.103716 -0.148068 -0.979583 0.135989 -0.974380 0.168035 0.149491 -0.169290 -0.110370 -0.979367
13410.985352 1022.910387 -533.881746 632.158988 -0.158290 -0.977958 0.136171 -0.972996 0.177956 0.147006 -0.167998 -0.109225 -0.979718
13420.956055 1022.958945 -533.067512 632.301099 -0.168082 -0.976473 0.135091 -0.971694 0.187197 0.144115 -0.166013 -0.107044 -0.980297
13430.927734 1023.092978 -532.033911 632.261155 -0.173181 -0.975467 0.135917 -0.970898 0.192266 0.142797 -0.165426 -0.107232 -0.980375
13440.898438 1024.383019 -531.116059 632.459465 -0.184254 -0.974439 0.128525 -0.968964 0.202011 0.142478 -0.164799 -0.098284 -0.981418
13450.869141 1024.488419 -530.145518 632.509836 -0.185438 -0.974373 0.127323 -0.969037 0.202823 0.140818 -0.163033 -0.097267 -0.981814
13460.840820 1024.409831 -529.093565 632.463631 -0.187526 -0.973842 0.128320 -0.968849 0.204894 0.139104 -0.161757 -0.098238 -0.981929
13470.811523 1024.419932 -528.533554 632.532822 -0.188853 -0.973778 0.126848 -0.969296 0.205562 0.134942 -0.157478 -0.097469 -0.982701
13480.782227 1024.854074 -527.947353 632.571253 -0.194763 -0.973140 0.122743 -0.968699 0.210475 0.131617 -0.153916 -0.093266 -0.983672
13490.752930 1024.893362 -527.232488 632.574433 -0.196349 -0.972950 0.121716 -0.968894 0.211588 0.128358 -0.150640 -0.092727 -0.984230
13500.724609 1024.791587 -526.448461 632.521085 -0.199178 -0.972272 0.122534 -0.968695 0.214250 0.125405 -0.148181 -0.093721 -0.984509
13510.695313 1024.848461 -525.668916 632.526909 -0.204191 -0.971262 0.122299 -0.967991 0.218952 0.122694 -0.145946 -0.093332 -0.984880
13520.666016 1025.360500 -524.639799 632.652275 -0.204822 -0.971608 0.118429 -0.968031 0.218979 0.122327 -0.144787 -0.089588 -0.985399
13530.637695 1023.569181 -523.240224 632.156853 -0.203161 -0.970167 0.132294 -0.968108 0.219258 0.121210 -0.146600 -0.103450 -0.983772
13540.608398 1024.061006 -522.038532 632.252679 -0.201059 -0.970976 0.129544 -0.968639 0.216777 0.121438 -0.145995 -0.101065 -0.984109
13550.579102 1024.208526 -520.862767 632.286649 -0.203927 -0.970451 0.128992 -0.967985 0.219575 0.121624 -0.146354 -0.100060 -0.984159
13560.550781 1024.398815 -519.822950 632.244652 -0.208774 -0.969373 0.129343 -0.966973 0.224388 0.120888 -0.146208 -0.099833 -0.984204
13570.521484 1024.826103 -518.655293 632.336938 -0.210833 -0.969342 0.126200 -0.966529 0.226025 0.121388 -0.146191 -0.096383 -0.984550
13580.492188 1024.652207 -517.760245 632.267100 -0.212896 -0.968704 0.127626 -0.966331 0.228068 0.119116 -0.144496 -0.097969 -0.984644
13590.462891 1025.282766 -516.663589 632.391799 -0.220078 -0.967642 0.123427 -0.964686 0.234666 0.119633 -0.144726 -0.092740 -0.985116
13600.434570 1024.515887 -515.475714 632.285467 -0.216888 -0.967789 0.127847 -0.965529 0.231978 0.118067 -0.143922 -0.097833 -0.984741
13610.405273 1024.810995 -514.596825 632.333352 -0.223562 -0.966552 0.125685 -0.964176 0.238193 0.116741 -0.142774 -0.095083 -0.985177
13620.375977 1025.287481 -513.381359 632.374888 -0.222017 -0.967190 0.123500 -0.964605 0.236355 0.116931 -0.142284 -0.093168 -0.985431
13630.347656 1025.024690 -512.756321 632.291580 -0.230922 -0.964898 0.125086 -0.962853 0.245118 0.113279 -0.139964 -0.094281 -0.985658
13640.318359 1025.499536 -511.474922 632.375015 -0.230019 -0.965342 0.123314 -0.963022 0.244047 0.114151 -0.140289 -0.092498 -0.985780
13650.289063 1025.666049 -510.557984 632.389044 -0.237027 -0.963692 0.122944 -0.961477 0.250829 0.112457 -0.139212 -0.091553 -0.986021
13660.260742 1025.364095 -509.505504 632.410734 -0.236506 -0.963484 0.125554 -0.961847 0.250453 0.110104 -0.137529 -0.094724 -0.985958
13670.231445 1025.605154 -508.377520 632.411430 -0.239554 -0.962941 0.123929 -0.961225 0.253191 0.109277 -0.136605 -0.092946 -0.986256
13680.202148 1025.833891 -507.043990 632.433271 -0.240041 -0.962967 0.122776 -0.961134 0.253521 0.109308 -0.136386 -0.091766 -0.986396
13690.173828 1024.736834 -505.945867 632.218088 -0.238213 -0.962476 0.129979 -0.961892 0.252301 0.105392 -0.134231 -0.099920 -0.985900
13700.144531 1024.856810 -504.630405 632.174193 -0.244239 -0.961037 0.129445 -0.960339 0.258231 0.105197 -0.134525 -0.098618 -0.985991
13710.115234 1024.561024 -503.499928 632.150960 -0.250502 -0.959322 0.130192 -0.958894 0.264379 0.103078 -0.133305 -0.099019 -0.986116
13720.085938 1023.921365 -502.156861 631.962973 -0.255525 -0.957399 0.134515 -0.957494 0.269864 0.101875 -0.133836 -0.102766 -0.985661
13730.057617 1025.359003 -501.087797 632.283103 -0.251028 -0.959753 0.125930 -0.959269 0.264069 0.100350 -0.129565 -0.095610 -0.986951
13740.028320 1025.112770 -499.607281 632.153339 -0.254872 -0.958420 0.128343 -0.958165 0.268191 0.099965 -0.130228 -0.097496 -0.986679
13749.999023 1025.034127 -498.156917 632.068781 -0.251326 -0.959344 0.128429 -0.959171 0.264639 0.099786 -0.129716 -0.098106 -0.986686
13759.970703 1025.056134 -496.262478 631.983020 -0.247372 -0.960351 0.128576 -0.959921 0.260952 0.102253 -0.131751 -0.098129 -0.986414
13769.941406 1025.001212 -494.694228 631.829492 -0.248048 -0.960065 0.129413 -0.959678 0.261761 0.102469 -0.132252 -0.098777 -0.986282
13779.912109 1024.061527 -493.283421 631.385095 -0.258052 -0.956546 0.135755 -0.956769 0.272530 0.101587 -0.134169 -0.103671 -0.985521
13789.882813 1024.503207 -491.690405 631.296171 -0.256052 -0.957314 0.134115 -0.957262 0.270412 0.102598 -0.134485 -0.102113 -0.985640
13799.854492 1024.484204 -490.299017 631.128223 -0.262104 -0.955497 0.135375 -0.955541 0.276591 0.102166 -0.135063 -0.102578 -0.985513
13809.825195 1024.484802 -488.735240 631.003860 -0.262426 -0.955353 0.135768 -0.955391 0.276999 0.102469 -0.135501 -0.102821 -0.985427
13819.795898 1025.390663 -487.023803 631.241006 -0.251745 -0.958845 0.131308 -0.958354 0.265888 0.104215 -0.134839 -0.099604 -0.985849
13829.767578 1025.211049 -485.785038 631.032698 -0.258864 -0.956576 0.133987 -0.956470 0.273205 0.102589 -0.134740 -0.101598 -0.985659
13839.738281 1025.434812 -483.846341 631.051241 -0.257315 -0.957053 0.133564 -0.956531 0.271893 0.105461 -0.137247 -0.100622 -0.985413
13849.708984 1024.648811 -481.797934 630.729204 -0.263698 -0.954596 0.138600 -0.954072 0.279288 0.108373 -0.142161 -0.103656 -0.984401
13859.680664 1026.031059 -479.982918 630.969055 -0.263170 -0.955760 0.131397 -0.954181 0.277966 0.110785 -0.142408 -0.096221 -0.985120
13869.651367 1026.863543 -478.169982 631.137562 -0.265172 -0.955968 0.125738 -0.953538 0.279340 0.112843 -0.142998 -0.089973 -0.985625
13879.622070 1026.737516 -476.150369 630.978303 -0.262785 -0.956333 0.127946 -0.953947 0.277403 0.114163 -0.144670 -0.092054 -0.985189
13889.593750 1026.585408 -473.600333 630.803074 -0.257612 -0.957614 0.128885 -0.954667 0.272840 0.119034 -0.149153 -0.092377 -0.984490
13899.564453 1027.668509 -471.867469 630.978585 -0.259939 -0.957917 0.121767 -0.954248 0.274126 0.119438 -0.147791 -0.085149 -0.985346
13909.535156 1027.300051 -469.672505 630.655992 -0.260648 -0.957276 0.125243 -0.953607 0.275523 0.121329 -0.150652 -0.087808 -0.984679
13919.505859 1027.355854 -467.675108 630.587309 -0.260017 -0.957463 0.125123 -0.953770 0.274890 0.121486 -0.150713 -0.087750 -0.984675
13929.477539 1025.833530 -464.724803 630.087439 -0.250406 -0.958621 0.135436 -0.955463 0.267262 0.125148 -0.156166 -0.098066 -0.982850
13939.448242 1026.670462 -462.468763 630.233490 -0.248015 -0.959838 0.131145 -0.956004 0.264391 0.127101 -0.156670 -0.093852 -0.983182
13949.418945 1025.077826 -460.888593 629.874871 -0.258623 -0.955880 0.139312 -0.953327 0.275832 0.122820 -0.155828 -0.101046 -0.982602
13959.390625 1025.932965 -459.131541 630.167922 -0.255807 -0.957363 0.134237 -0.954635 0.272054 0.121071 -0.152429 -0.097177 -0.983525
13969.361328 1025.648627 -456.325581 629.926786 -0.262157 -0.955196 0.137384 -0.952042 0.279269 0.124999 -0.157766 -0.098026 -0.982599
13979.332031 1027.708224 -455.135897 630.540901 -0.271484 -0.954550 0.123010 -0.950572 0.285948 0.121021 -0.150695 -0.084075 -0.984999
13989.303711 1028.251239 -452.791343 630.602470 -0.275792 -0.953825 0.118983 -0.949215 0.289754 0.122613 -0.151427 -0.079125 -0.985296
13999.274414 1028.525324 -450.522835 630.640989 -0.282308 -0.952306 0.115825 -0.947241 0.295815 0.123399 -0.151777 -0.074878 -0.985574
14009.245117 1028.455225 -448.114545 630.559000 -0.283716 -0.951922 0.115540 -0.946728 0.297215 0.123972 -0.152352 -0.074212 -0.985536
14019.215820 1028.293171 -445.930636 630.442587 -0.286586 -0.951139 0.114899 -0.945993 0.299906 0.123098 -0.151542 -0.073416 -0.985721
14029.187500 1026.836693 -443.578071 629.989443 -0.286716 -0.950109 0.122832 -0.945779 0.301145 0.121714 -0.152632 -0.081274 -0.984935
14039.158203 1025.954057 -441.234092 629.664508 -0.291935 -0.948006 0.126725 -0.943992 0.306902 0.121208 -0.153798 -0.084243 -0.984505
14049.129883 1025.968778 -439.484139 629.637361 -0.296919 -0.946826 0.123936 -0.942981 0.311177 0.118137 -0.150421 -0.081792 -0.985233
14059.100586 1026.279528 -437.632017 629.707185 -0.297768 -0.947039 0.120209 -0.943264 0.311259 0.115635 -0.146927 -0.078957 -0.985991
14069.071289 1026.544424 -435.694195 629.789159 -0.298747 -0.947071 0.117505 -0.943278 0.311726 0.114249 -0.144832 -0.076709 -0.986478
14079.041992 1026.330517 -433.698550 629.751084 -0.297547 -0.947426 0.117689 -0.943910 0.310425 0.112565 -0.143181 -0.077594 -0.986650
14089.013672 1026.415258 -431.673604 629.744596 -0.302083 -0.946072 0.117023 -0.942549 0.314792 0.111837 -0.142644 -0.076516 -0.986812
14098.984375 1027.487778 -429.826177 630.084421 -0.298187 -0.948279 0.108867 -0.944400 0.309659 0.110545 -0.138539 -0.069851 -0.987891
14108.955078 1026.613763 -428.110896 629.924171 -0.308113 -0.944714 0.112167 -0.941339 0.319804 0.107736 -0.137651 -0.072392 -0.987832
14118.926758 1027.356268 -426.308652 630.137566 -0.305471 -0.946203 0.106715 -0.942760 0.316280 0.105696 -0.133762 -0.068320 -0.988656
14128.897461 1026.736691 -424.372391 629.900485 -0.310522 -0.944096 0.110720 -0.941115 0.321726 0.103895 -0.133708 -0.071938 -0.988406
14138.868164 1024.824509 -422.026060 629.334753 -0.320609 -0.939446 0.121039 -0.937045 0.333240 0.104393 -0.138406 -0.079949 -0.987143
14148.838867 1024.390303 -420.243030 629.128439 -0.325075 -0.937786 0.121999 -0.935672 0.337670 0.102450 -0.137272 -0.080847 -0.987228
14158.810547 1024.432173 -418.579464 628.985210 -0.330260 -0.936278 0.119628 -0.934111 0.342399 0.100992 -0.135517 -0.078393 -0.987669
14168.781250 1024.354745 -416.483910 628.828986 -0.333135 -0.935327 0.119102 -0.932953 0.345268 0.101921 -0.136452 -0.077163 -0.987637
14178.751953 1024.375746 -414.567420 628.717459 -0.332203 -0.935988 0.116483 -0.933366 0.344014 0.102384 -0.135902 -0.074708 -0.987901
14188.723633 1024.162651 -412.757677 628.677237 -0.335358 -0.935029 0.115139 -0.932210 0.347007 0.102815 -0.136089 -0.072854 -0.988014
14198.694336 1024.555298 -410.469282 628.783641 -0.331840 -0.936823 0.110658 -0.933182 0.343167 0.106808 -0.138035 -0.067821 -0.988103
14208.665039 1023.475206 -408.271552 628.527036 -0.324474 -0.938564 0.117532 -0.935324 0.336886 0.108063 -0.141019 -0.074867 -0.987172
14218.636719 1024.121061 -406.375713 628.847781 -0.322309 -0.940043 0.111520 -0.936075 0.334041 0.110366 -0.141001 -0.068819 -0.987615
14228.607422 1022.170266 -403.776841 628.380740 -0.319686 -0.939361 0.124105 -0.935933 0.333479 0.113234 -0.147754 -0.079954 -0.985787
14238.578125 1023.743951 -402.194210 628.761083 -0.325345 -0.938824 0.112963 -0.934327 0.337553 0.114414 -0.145545 -0.068321 -0.986990
14248.549805 1022.660032 -400.049275 628.526163 -0.316593 -0.941198 0.117959 -0.937134 0.329596 0.114661 -0.146797 -0.074243 -0.986376
14258.520508 1022.425665 -398.277129 628.314379 -0.321376 -0.939500 0.118566 -0.935544 0.334382 0.113778 -0.146541 -0.074358 -0.986406
14268.491211 1021.869878 -396.170264 628.004450 -0.317778 -0.940421 0.120934 -0.936679 0.331158 0.113875 -0.147139 -0.077090 -0.986107
14278.461914 1021.335114 -394.489620 627.827717 -0.320537 -0.939358 0.121909 -0.936011 0.333859 0.111453 -0.145395 -0.078384 -0.986264
14288.433594 1021.728500 -392.781040 627.839668 -0.321468 -0.939617 0.117381 -0.936127 0.334015 0.110000 -0.142565 -0.074522 -0.986976
14298.404297 1021.073075 -391.021176 627.700150 -0.327620 -0.937103 0.120429 -0.934114 0.340394 0.107531 -0.141761 -0.077265 -0.986881
14308.375000 1020.557709 -388.856158 627.621088 -0.325607 -0.937488 0.122867 -0.934782 0.338700 0.107072 -0.141994 -0.079990 -0.986630
14318.346680 1020.201111 -386.589868 627.603797 -0.324766 -0.937662 0.123765 -0.934916 0.338061 0.107926 -0.143038 -0.080659 -0.986425
14328.317383 1019.714237 -384.355678 627.567627 -0.325628 -0.937171 0.125209 -0.934515 0.339137 0.108021 -0.143697 -0.081835 -0.986232
14338.288086 1019.094718 -382.305075 627.470956 -0.329345 -0.935517 0.127824 -0.933235 0.343101 0.106555 -0.143541 -0.084196 -0.986056
14348.259766 1018.441493 -380.341614 627.358978 -0.338239 -0.932164 0.129095 -0.930088 0.352022 0.104959 -0.143283 -0.084568 -0.986062
14358.230469 1018.400364 -378.410348 627.433784 -0.335933 -0.933232 0.127390 -0.931361 0.349289 0.102779 -0.140413 -0.084119 -0.986513
14368.201172 1017.388086 -376.578173 627.309116 -0.340631 -0.931139 0.130195 -0.929932 0.354073 0.099296 -0.138557 -0.087249 -0.986504
14378.172852 1018.245825 -374.976875 627.649477 -0.346620 -0.930245 0.120411 -0.928521 0.358485 0.096625 -0.133051 -0.078312 -0.988010
14388.143555 1016.734787 -372.254225 627.339225 -0.344965 -0.929771 0.128553 -0.928527 0.358068 0.098107 -0.137247 -0.085521 -0.986838
14398.114258 1017.187694 -370.351743 627.674059 -0.347348 -0.929801 0.121734 -0.928132 0.359414 0.096921 -0.133870 -0.079320 -0.987819
14408.084961 1015.723868 -367.232830 627.398704 -0.344825 -0.929637 0.129888 -0.928077 0.358382 0.101172 -0.140603 -0.085659 -0.986354
14418.056641 1015.736350 -365.040195 627.589277 -0.344926 -0.930021 0.126835 -0.928135 0.358092 0.101666 -0.139970 -0.082653 -0.986700
14428.027344 1015.203268 -362.492756 627.619251 -0.343446 -0.930420 0.127918 -0.928406 0.356909 0.103338 -0.141803 -0.083269 -0.986386
14437.998047 1014.513775 -360.214292 627.550938 -0.344308 -0.929853 0.129716 -0.927995 0.358016 0.103199 -0.142401 -0.084844 -0.986166
14447.969727 1014.590154 -358.020315 627.607394 -0.346043 -0.929732 0.125904 -0.927537 0.359201 0.103195 -0.141169 -0.081070 -0.986661
14457.940430 1014.584194 -356.233710 627.720540 -0.348778 -0.929337 0.121192 -0.927159 0.361026 0.100186 -0.136860 -0.077422 -0.987560
14467.911133 1013.615823 -353.543310 627.436936 -0.347898 -0.929115 0.125351 -0.927029 0.360870 0.101934 -0.139944 -0.080742 -0.986862
14477.882813 1013.703072 -351.980126 627.655126 -0.354550 -0.927243 0.120474 -0.925337 0.366458 0.097261 -0.134333 -0.076995 -0.987940
14487.853516 1013.293108 -349.535691 627.619291 -0.353370 -0.927589 0.121278 -0.925734 0.365404 0.097447 -0.134707 -0.077837 -0.987824
14497.824219 1013.161133 -347.581799 627.787134 -0.358094 -0.926131 0.118534 -0.924285 0.369590 0.095396 -0.132158 -0.075398 -0.988357
14507.794922 1012.570560 -345.206728 627.887403 -0.360046 -0.925060 0.120959 -0.923432 0.371829 0.094952 -0.132813 -0.077510 -0.988106
14517.766602 1010.836232 -342.380500 627.716986 -0.361049 -0.923343 0.130693 -0.922270 0.374295 0.096546 -0.138063 -0.085677 -0.986711
14527.737305 1010.777237 -340.847398 627.842249 -0.368045 -0.920963 0.127948 -0.920174 0.380524 0.092092 -0.133501 -0.083840 -0.987496
14537.708008 1010.370446 -339.001599 627.775998 -0.370894 -0.919957 0.126951 -0.919567 0.382908 0.088194 -0.129745 -0.084029 -0.987980
14547.679688 1010.878399 -336.671102 627.791364 -0.376942 -0.918250 0.121376 -0.917181 0.388318 0.089381 -0.129207 -0.077632 -0.988574
14557.650391 1010.415456 -334.346252 627.734929 -0.381474 -0.916303 0.121925 -0.915181 0.392939 0.089675 -0.130079 -0.077375 -0.988480
14567.621094 1010.976646 -332.560236 627.998884 -0.387559 -0.914783 0.113885 -0.913187 0.397870 0.088258 -0.126048 -0.069794 -0.989566
14577.591797 1010.680526 -330.530165 627.944937 -0.389468 -0.913903 0.114434 -0.912461 0.399769 0.087179 -0.125420 -0.070464 -0.989598
14587.563477 1009.599280 -327.867936 627.599228 -0.389786 -0.912907 0.121115 -0.911669 0.401105 0.089304 -0.130106 -0.075607 -0.988613
14597.534180 1009.620988 -325.282366 627.607381 -0.388324 -0.913645 0.120238 -0.911930 0.399774 0.092547 -0.132623 -0.073710 -0.988422
14607.504883 1009.502484 -323.062905 627.583369 -0.390184 -0.912831 0.120396 -0.910977 0.401722 0.093487 -0.133704 -0.073201 -0.988314
14617.476563 1010.330594 -321.334004 627.871427 -0.396057 -0.911262 0.112873 -0.908853 0.406560 0.093244 -0.130860 -0.065655 -0.989225
14627.447266 1010.166038 -319.083118 627.816571 -0.399015 -0.909950 0.113042 -0.907328 0.409627 0.094669 -0.132449 -0.064792 -0.989070
14637.417969 1009.281482 -316.403475 627.457327 -0.400976 -0.908226 0.119764 -0.905609 0.412705 0.097706 -0.138167 -0.069281 -0.987983
14647.389648 1008.684774 -314.136659 627.335502 -0.402797 -0.907006 0.122863 -0.904438 0.415028 0.098707 -0.140519 -0.071363 -0.987503
14657.360352 1008.920779 -312.016987 627.342530 -0.407980 -0.905057 0.120100 -0.902055 0.419890 0.099945 -0.140884 -0.067561 -0.987718
14667.331055 1008.071517 -309.711407 627.129308 -0.408849 -0.904134 0.124032 -0.901284 0.421371 0.100668 -0.143281 -0.070630 -0.987159
14677.302734 1009.088583 -307.804606 627.348559 -0.412851 -0.903508 0.115010 -0.899870 0.424135 0.101706 -0.140672 -0.061505 -0.988144
14687.273438 1008.891101 -305.911334 627.175329 -0.414734 -0.902598 0.115385 -0.899037 0.426029 0.101152 -0.140457 -0.061784 -0.988157
14697.244141 1009.094347 -303.752929 627.060928 -0.417809 -0.901502 0.112822 -0.897456 0.428854 0.103236 -0.141452 -0.058120 -0.988238
14707.214844 1008.814293 -301.299448 626.698506 -0.416207 -0.901983 0.114889 -0.897605 0.427748 0.106473 -0.145180 -0.058810 -0.987656
14717.186523 1009.058257 -299.456716 626.680786 -0.417802 -0.901771 0.110686 -0.897069 0.428752 0.106956 -0.143906 -0.054607 -0.988084
14727.157227 1009.694647 -297.362035 626.665344 -0.419763 -0.901560 0.104826 -0.896167 0.429987 0.109527 -0.143819 -0.047966 -0.988441
14737.127930 1009.938467 -295.163331 626.531334 -0.420057 -0.901668 0.102702 -0.895739 0.430109 0.112502 -0.145613 -0.044737 -0.988330
14747.099609 1009.738685 -292.670979 626.378795 -0.419837 -0.901613 0.104074 -0.895165 0.430270 0.116390 -0.149719 -0.044298 -0.987736
14757.070313 1009.081787 -290.267930 626.145148 -0.422234 -0.900071 0.107660 -0.893277 0.433337 0.119476 -0.154190 -0.045723 -0.986983
14767.041016 1009.646313 -287.824097 626.146538 -0.422745 -0.900137 0.105074 -0.892544 0.433632 0.123809 -0.157009 -0.041444 -0.986727
14777.012695 1009.746155 -285.522479 626.050120 -0.424127 -0.899645 0.103707 -0.891514 0.434903 0.126735 -0.159119 -0.038705 -0.986500
14786.983398 1009.928208 -283.445046 625.989185 -0.428511 -0.897795 0.101697 -0.889300 0.438981 0.128226 -0.159764 -0.035493 -0.986517
14796.954102 1010.197149 -281.398461 625.973064 -0.423693 -0.900323 0.099510 -0.891762 0.433869 0.128525 -0.158889 -0.034284 -0.986701
14806.925781 1010.059246 -279.302475 625.863705 -0.425659 -0.899401 0.099463 -0.890753 0.435822 0.128914 -0.159294 -0.033724 -0.986655
14816.896484 1009.909473 -277.421402 625.833540 -0.428884 -0.898027 0.098008 -0.889391 0.438765 0.128333 -0.158249 -0.032128 -0.986876
14826.867188 1009.242200 -275.186344 625.645672 -0.432327 -0.895966 0.101677 -0.887301 0.442784 0.128991 -0.160593 -0.034451 -0.986419
14836.837891 1009.451929 -273.376445 625.637200 -0.436230 -0.894363 0.099081 -0.885629 0.446221 0.128640 -0.159263 -0.031632 -0.986729
14846.809570 1009.543957 -271.147690 625.653447 -0.439016 -0.893171 0.097518 -0.884022 0.448792 0.130731 -0.160530 -0.028815 -0.986610
14856.780273 1009.477785 -268.808028 625.572056 -0.441424 -0.891989 0.097467 -0.882354 0.451246 0.133524 -0.163083 -0.027060 -0.986241
14866.750977 1009.585574 -266.249243 625.433138 -0.438968 -0.893182 0.097633 -0.882953 0.448946 0.137267 -0.166437 -0.025950 -0.985711
14876.722656 1010.337369 -264.113105 625.499633 -0.441971 -0.892239 0.092582 -0.881455 0.451127 0.139721 -0.166431 -0.019854 -0.985853
14886.693359 1010.402851 -262.232927 625.440738 -0.451086 -0.887929 0.090013 -0.876976 0.459708 0.139933 -0.165631 -0.015818 -0.986061
14896.664063 1010.380419 -260.039382 625.305596 -0.450920 -0.888069 0.089469 -0.876907 0.459472 0.141137 -0.166448 -0.014815 -0.985939
14906.635742 1010.534599 -257.883060 625.167731 -0.452579 -0.887320 0.088517 -0.875914 0.460968 0.142416 -0.167172 -0.013078 -0.985841
14916.606445 1010.070869 -255.530622 624.932591 -0.457746 -0.884488 0.090278 -0.872678 0.466394 0.144601 -0.170003 -0.012593 -0.985363
14926.577148 1010.071857 -253.400454 624.825411 -0.464981 -0.880796 0.089396 -0.868647 0.473396 0.146108 -0.171011 -0.009716 -0.985221
14936.547852 1010.133457 -250.975688 624.769701 -0.464869 -0.880968 0.088272 -0.868320 0.473118 0.148932 -0.172968 -0.007415 -0.984900
14946.519531 1010.287814 -248.632797 624.752090 -0.465688 -0.880663 0.086985 -0.867551 0.473717 0.151484 -0.174613 -0.004919 -0.984625
14956.490234 1010.051362 -246.684319 624.641600 -0.474378 -0.875800 0.089108 -0.862624 0.482649 0.151427 -0.175627 -0.005033 -0.984444
14966.460938 1009.824301 -244.179723 624.656178 -0.470744 -0.877682 0.089851 -0.864028 0.479217 0.154294 -0.178479 -0.005001 -0.983931
14976.432617 1010.381858 -242.033708 624.728378 -0.470443 -0.878201 0.086291 -0.864279 0.478289 0.155762 -0.178063 -0.001302 -0.984018
14986.403320 1010.418845 -239.796964 624.705578 -0.471386 -0.877834 0.084863 -0.863590 0.478963 0.157499 -0.178904 0.000956 -0.983866
14996.374023 1010.681310 -237.964686 624.737895 -0.474616 -0.876448 0.081109 -0.862297 0.481476 0.156926 -0.176589 0.004539 -0.984274
15006.345703 1010.160988 -235.756070 624.475217 -0.479399 -0.873558 0.084097 -0.859162 0.486707 0.157977 -0.178933 0.003481 -0.983855
15016.316406 1010.593631 -233.409291 624.439792 -0.476579 -0.875411 0.080801 -0.860643 0.483331 0.160266 -0.179352 0.006838 -0.983761
15026.287109 1010.404935 -231.168483 624.349424 -0.480521 -0.873284 0.080458 -0.858240 0.487135 0.161631 -0.180344 0.008615 -0.983566
15036.258789 1009.928333 -228.776455 624.243876 -0.478808 -0.874029 0.082560 -0.858715 0.485820 0.163054 -0.182623 0.007176 -0.983157
15046.229492 1008.499480 -226.930002 623.987538 -0.486719 -0.868832 0.090746 -0.853856 0.495106 0.160622 -0.184483 0.000694 -0.982835
15056.200195 1007.585733 -223.872469 623.841669 -0.475706 -0.874035 0.098823 -0.858369 0.485820 0.164866 -0.192109 -0.006399 -0.981353
15066.170898 1010.052428 -222.024186 624.289526 -0.492409 -0.866666 0.080141 -0.850508 0.498687 0.167177 -0.184852 0.014159 -0.982664
15076.142578 1008.284804 -220.031525 624.085389 -0.494626 -0.864390 0.090418 -0.848534 0.502799 0.164874 -0.187978 0.004829 -0.982161
15086.113281 1007.314091 -217.574780 623.941953 -0.491917 -0.865167 0.097485 -0.849226 0.501482 0.165324 -0.191920 -0.001461 -0.981409
15096.083984 1007.905619 -215.600008 624.092421 -0.499239 -0.861653 0.091181 -0.845582 0.507466 0.165740 -0.189082 0.005643 -0.981945
15106.055664 1008.473369 -213.611085 624.195948 -0.499923 -0.861860 0.085290 -0.845884 0.507036 0.165512 -0.185893 0.010597 -0.982513
15116.026367 1007.198007 -211.269056 623.959104 -0.497615 -0.862340 0.093536 -0.846458 0.506322 0.164763 -0.189441 0.002814 -0.981888
15125.997070 1007.596481 -208.898339 624.070818 -0.493337 -0.865319 0.088554 -0.849268 0.501177 0.166027 -0.188048 0.006701 -0.982137
15135.968750 1007.577560 -207.018862 624.015557 -0.497790 -0.862897 0.087254 -0.847082 0.505315 0.164644 -0.186161 0.008047 -0.982486
15145.939453 1007.182793 -204.931414 623.920097 -0.498024 -0.862657 0.088285 -0.847024 0.505744 0.163625 -0.185802 0.006709 -0.982564
15155.910156 1006.303791 -202.967572 623.758911 -0.502611 -0.859518 0.092799 -0.844079 0.511096 0.162209 -0.186850 0.003198 -0.982383
15165.880859 1007.360464 -200.845338 623.938272 -0.505287 -0.858814 0.084406 -0.843197 0.512161 0.163432 -0.183588 0.011409 -0.982937
15175.852539 1006.596205 -198.111666 623.867468 -0.496298 -0.863681 0.087996 -0.847712 0.503982 0.165490 -0.187279 0.007537 -0.982278
15185.823242 1007.302839 -196.055699 623.905710 -0.506361 -0.858308 0.083102 -0.842060 0.512930 0.166845 -0.185830 0.014507 -0.982475
15195.793945 1006.570088 -193.495703 623.678178 -0.509902 -0.855723 0.087965 -0.838873 0.517280 0.169451 -0.190505 0.012612 -0.981605
15205.765625 1006.088082 -191.173470 623.479015 -0.512765 -0.853693 0.090993 -0.836576 0.520654 0.170471 -0.192906 0.011289 -0.981152
15215.736328 1005.674943 -188.932217 623.397288 -0.516240 -0.851487 0.092011 -0.834186 0.524247 0.171171 -0.193986 0.011611 -0.980936
15225.707031 1006.179442 -186.895079 623.460896 -0.518296 -0.850836 0.086296 -0.833513 0.525155 0.171664 -0.191377 0.017044 -0.981369
15235.678711 1006.037768 -184.655019 623.400856 -0.520292 -0.849563 0.086827 -0.832041 0.527196 0.172549 -0.192366 0.017532 -0.981167
15245.649414 1004.977227 -182.353605 623.287167 -0.514586 -0.852581 0.091144 -0.835007 0.522439 0.172685 -0.194845 0.012755 -0.980751
15255.620117 1005.149845 -180.533384 623.351941 -0.522913 -0.847747 0.088809 -0.830362 0.530161 0.171546 -0.192511 0.015960 -0.981165
15265.591797 1003.907712 -178.085281 623.239367 -0.515802 -0.851387 0.095338 -0.833807 0.524454 0.172377 -0.196760 0.009419 -0.980406
15275.562500 1003.675727 -176.122068 623.273941 -0.517118 -0.850585 0.095365 -0.833134 0.525755 0.171664 -0.196153 0.009319 -0.980529
15285.533203 1003.808391 -173.946506 623.337805 -0.522177 -0.847792 0.092627 -0.830106 0.530162 0.172779 -0.195588 0.013331 -0.980596
15295.503906 1003.260808 -171.721759 623.289184 -0.523417 -0.846841 0.094316 -0.829012 0.531699 0.173308 -0.196912 0.012523 -0.980341
15305.475586 1003.404296 -169.608916 623.317263 -0.522862 -0.847479 0.091617 -0.829578 0.530618 0.173910 -0.195999 0.014927 -0.980490
15315.446289 1002.799272 -167.753166 623.187857 -0.526929 -0.844910 0.092047 -0.827307 0.534709 0.172190 -0.194704 0.014581 -0.980754
15325.416992 1002.294586 -165.516390 623.131300 -0.527069 -0.844638 0.093724 -0.826962 0.535171 0.172414 -0.195785 0.013368 -0.980556
15335.388672 1002.413371 -163.418204 623.189073 -0.531828 -0.841971 0.090801 -0.824140 0.539246 0.173224 -0.194813 0.017292 -0.980688
15345.359375 1002.488261 -161.423131 623.306412 -0.534771 -0.840445 0.087585 -0.822728 0.541513 0.172867 -0.192713 0.020386 -0.981043
15355.330078 1002.856520 -159.406429 623.435896 -0.533472 -0.841617 0.084192 -0.824019 0.539594 0.172716 -0.190790 0.022764 -0.981367
15365.300781 1002.491319 -157.423077 623.525370 -0.535607 -0.840145 0.085326 -0.822769 0.541932 0.171351 -0.190201 0.021574 -0.981508
15375.272461 1001.141670 -155.392276 623.391500 -0.539585 -0.836733 0.093415 -0.819516 0.547408 0.169523 -0.192981 0.014917 -0.981089
15385.243164 1000.307261 -153.171893 623.211431 -0.535469 -0.838920 0.097396 -0.821756 0.544153 0.169158 -0.194909 0.010543 -0.980765
15395.213867 1000.153749 -151.582728 623.322174 -0.541030 -0.835417 0.096771 -0.818849 0.549516 0.165888 -0.191763 0.010510 -0.981385
15405.185547 1000.031100 -149.677921 623.219379 -0.542553 -0.834423 0.096816 -0.818149 0.551035 0.164298 -0.190443 0.009930 -0.981648
15415.156250 1000.486352 -147.253547 623.215132 -0.543299 -0.834337 0.093321 -0.817664 0.551073 0.166569 -0.190401 0.014191 -0.981604
15425.126953 1001.794034 -145.222620 623.420085 -0.552975 -0.829085 0.082684 -0.812313 0.558533 0.167896 -0.185382 0.025677 -0.982331
15435.098633 1001.811416 -142.820430 623.190667 -0.557743 -0.825801 0.083514 -0.808540 0.563295 0.170183 -0.187580 0.027394 -0.981867
15445.069336 1001.986461 -140.543093 623.132960 -0.560728 -0.823842 0.082870 -0.806302 0.566055 0.171637 -0.188311 0.029423 -0.981669
15455.040039 1002.267686 -138.438919 623.066069 -0.561400 -0.823406 0.082659 -0.805848 0.566669 0.171742 -0.188254 0.029805 -0.981668
15465.011719 1001.708560 -136.358789 622.921912 -0.565381 -0.820317 0.086161 -0.802752 0.571244 0.171081 -0.189560 0.027560 -0.981482
15474.982422 1001.691739 -134.607952 622.860365 -0.565906 -0.819699 0.088561 -0.802609 0.572285 0.168249 -0.188596 0.024133 -0.981758
15484.953125 1001.173240 -132.559584 622.653770 -0.569048 -0.817110 0.092279 -0.800061 0.576083 0.167425 -0.189965 0.021444 -0.981557
15494.923828 1001.272318 -130.729642 622.538563 -0.572547 -0.814645 0.092429 -0.797908 0.579576 0.165634 -0.188502 0.021083 -0.981846
15504.895508 1001.936595 -128.896186 622.466938 -0.577353 -0.811733 0.088053 -0.795224 0.583488 0.164805 -0.185155 0.025129 -0.982388
15514.866211 1002.544177 -126.810796 622.399800 -0.580514 -0.809871 0.084339 -0.793309 0.585882 0.165540 -0.183479 0.029191 -0.982590
15524.836914 1002.167489 -124.741814 622.194540 -0.585383 -0.806006 0.087646 -0.789405 0.591272 0.165037 -0.184844 0.027421 -0.982385
15534.808594 1002.690194 -122.678401 622.131736 -0.588119 -0.804229 0.085632 -0.787603 0.593571 0.165394 -0.183843 0.029827 -0.982503
15544.779297 1002.270186 -120.498774 621.976648 -0.589384 -0.802851 0.089761 -0.786145 0.595580 0.165109 -0.186017 0.026748 -0.982182
15554.750000 1002.418806 -118.296351 621.962386 -0.591686 -0.801197 0.089387 -0.784382 0.597749 0.165651 -0.186150 0.027900 -0.982125
15564.721680 1002.917181 -116.044816 621.860178 -0.596034 -0.798124 0.087991 -0.781011 0.601697 0.167280 -0.186454 0.030982 -0.981975
15574.692383 1002.243360 -114.013576 621.685602 -0.602819 -0.792523 0.092283 -0.775447 0.609172 0.166108 -0.187860 0.028572 -0.981780
15584.663086 1003.286728 -111.990884 621.773114 -0.602992 -0.793044 0.086496 -0.776150 0.608267 0.166138 -0.184367 0.033046 -0.982302
15594.633789 1002.763521 -110.022878 621.603398 -0.608777 -0.788256 0.089686 -0.771507 0.614566 0.164575 -0.184845 0.030997 -0.982279
15604.605469 1002.851709 -107.868424 621.513650 -0.608767 -0.788177 0.090443 -0.771468 0.614707 0.164235 -0.185042 0.030207 -0.982266
15614.576172 1003.200677 -106.057922 621.426046 -0.613505 -0.784649 0.089095 -0.768288 0.619155 0.162421 -0.182607 0.031195 -0.982691
15624.546875 1003.024390 -104.169364 621.330862 -0.617564 -0.781412 0.089494 -0.765368 0.623264 0.160481 -0.181180 0.030611 -0.982973
15634.518555 1003.738015 -102.585961 621.444658 -0.615806 -0.783193 0.085981 -0.767995 0.621038 0.156508 -0.175974 0.030346 -0.983927
15644.489258 1003.165645 -100.551090 621.228622 -0.617600 -0.781215 0.090961 -0.766209 0.623731 0.154543 -0.177467 0.025751 -0.983790
15654.459961 1003.882227 -98.831190 621.344080 -0.621918 -0.778446 0.085094 -0.763884 0.626992 0.152844 -0.172334 0.030054 -0.984580
15664.431641 1003.791091 -96.612853 621.129477 -0.626562 -0.774620 0.085936 -0.759866 0.631670 0.153612 -0.173274 0.030947 -0.984387
15674.402344 1002.975696 -94.253151 620.859201 -0.626343 -0.774038 0.092520 -0.759084 0.632606 0.153628 -0.177442 0.025994 -0.983788
15684.373047 1003.031134 -91.982906 620.807917 -0.627578 -0.772921 0.093481 -0.757744 0.633960 0.154660 -0.178804 0.026226 -0.983535
15694.344727 1002.878448 -89.947950 620.793913 -0.629518 -0.771165 0.094929 -0.756021 0.636133 0.154167 -0.179276 0.025282 -0.983474
15704.315430 1002.617457 -87.556150 620.706487 -0.631449 -0.769316 0.097082 -0.753763 0.638367 0.155980 -0.181972 0.025317 -0.982978
15714.286133 1002.835986 -85.264437 620.656648 -0.632712 -0.768358 0.096449 -0.752481 0.639441 0.157757 -0.182888 0.027238 -0.982756
15724.256836 1003.101056 -83.230955 620.668915 -0.633449 -0.767920 0.095085 -0.752027 0.639907 0.158030 -0.182200 0.028598 -0.982845
15734.228516 1003.050245 -81.168643 620.621878 -0.634884 -0.766631 0.095910 -0.750696 0.641461 0.158062 -0.182697 0.028352 -0.982760
15744.199219 1002.816196 -79.440996 620.574513 -0.637765 -0.764185 0.096321 -0.748606 0.644418 0.155935 -0.181234 0.027343 -0.983060
15754.169922 1002.715130 -77.468336 620.523528 -0.638716 -0.763334 0.096768 -0.747909 0.645456 0.154982 -0.180763 0.026616 -0.983166
15764.141602 1002.669317 -75.709800 620.533135 -0.642389 -0.760387 0.095647 -0.745312 0.648907 0.153067 -0.178456 0.027041 -0.983576
15774.112305 1002.638054 -73.807696 620.495537 -0.645360 -0.758010 0.094500 -0.743075 0.651637 0.152343 -0.177058 0.028096 -0.983799
15784.083008 1002.358649 -72.072755 620.335501 -0.651601 -0.752442 0.096163 -0.737766 0.658105 0.150331 -0.176400 0.027010 -0.983948
15794.054688 1001.832470 -70.225274 620.233650 -0.654769 -0.749506 0.097555 -0.735018 0.661494 0.148911 -0.176142 0.025798 -0.984027
15804.025391 1001.454989 -67.990200 620.013558 -0.655438 -0.748496 0.100772 -0.733779 0.662700 0.149659 -0.178801 0.024148 -0.983589
15813.996094 1001.773832 -66.104927 620.055215 -0.652762 -0.751295 0.097247 -0.736795 0.659466 0.149122 -0.176166 0.025690 -0.984025
15823.966797 1001.785552 -64.283997 620.011833 -0.654494 -0.750001 0.095589 -0.735696 0.660899 0.148200 -0.174325 0.026672 -0.984327
15833.938477 1001.358498 -62.709152 619.914254 -0.657298 -0.747346 0.097129 -0.733478 0.663991 0.145350 -0.173120 0.024296 -0.984601
15843.909180 1000.704595 -60.865570 619.771952 -0.657558 -0.746676 0.100462 -0.732939 0.664852 0.144125 -0.174407 0.021138 -0.984447
15853.879883 1000.326896 -59.060192 619.621164 -0.658011 -0.746074 0.101956 -0.732481 0.665578 0.143099 -0.174622 0.019480 -0.984443
15863.851563 999.674052 -57.406914 619.443761 -0.662193 -0.741944 0.104974 -0.728492 0.670237 0.141709 -0.175498 0.017366 -0.984327
15873.822266 999.351354 -55.783552 619.259534 -0.664612 -0.739715 0.105417 -0.726489 0.672715 0.140247 -0.174658 0.016626 -0.984489
15883.792969 999.250916 -53.935997 619.053585 -0.663996 -0.740278 0.105349 -0.726964 0.672089 0.140782 -0.175022 0.016893 -0.984420
15893.764648 1000.857917 -52.444274 619.152389 -0.664925 -0.741319 0.091220 -0.728167 0.670575 0.141782 -0.166276 0.027851 -0.985686
15903.735352 999.660669 -50.717865 618.691477 -0.670811 -0.735240 0.097134 -0.721959 0.677359 0.141277 -0.169667 0.024644 -0.985193
15913.706055 1000.065976 -49.129913 618.453413 -0.672433 -0.734153 0.094098 -0.720882 0.678431 0.141637 -0.167822 0.027408 -0.985436
15923.677734 999.892587 -47.505894 618.081105 -0.674484 -0.732213 0.094523 -0.719003 0.680532 0.141106 -0.167645 0.027212 -0.985472
15933.648438 999.511459 -45.824789 617.690117 -0.675915 -0.730684 0.096122 -0.717459 0.682211 0.140854 -0.168496 0.026242 -0.985353
15943.619141 999.142567 -44.301467 617.327844 -0.678382 -0.728084 0.098447 -0.714950 0.685051 0.139829 -0.169249 0.024473 -0.985269
15953.589844 1000.114415 -42.896426 617.176953 -0.677782 -0.729415 0.092545 -0.716514 0.683489 0.139461 -0.164979 0.028215 -0.985893
15963.561523 999.514151 -41.078124 616.717343 -0.676636 -0.729677 0.098662 -0.716576 0.683376 0.139698 -0.169358 0.023826 -0.985266
15973.532227 998.956640 -39.514505 616.375353 -0.680756 -0.725384 0.101923 -0.712323 0.687997 0.138767 -0.170782 0.021865 -0.985066
15983.502930 999.175599 -37.795680 616.089182 -0.682397 -0.723892 0.101566 -0.710666 0.689526 0.139671 -0.171139 0.023131 -0.984975
15993.474609 999.039813 -36.073071 615.778934 -0.684734 -0.721493 0.102895 -0.708000 0.692020 0.140870 -0.172841 0.023609 -0.984667
16003.445313 999.259681 -34.254012 615.519581 -0.688090 -0.718423 0.101988 -0.704506 0.695094 0.143233 -0.173793 0.026706 -0.984420
16013.416016 998.910041 -32.224662 615.190961 -0.691163 -0.715083 0.104643 -0.700478 0.698481 0.146474 -0.177833 0.027937 -0.983664
16023.387695 999.250009 -30.249099 615.026279 -0.690888 -0.715525 0.103428 -0.700261 0.697879 0.150333 -0.179748 0.031437 -0.983210
16033.358398 999.609601 -28.155897 614.810847 -0.691882 -0.714780 0.101929 -0.698678 0.698416 0.155124 -0.182068 0.036112 -0.982622
16043.329102 998.919115 -26.003656 614.442066 -0.688387 -0.717116 0.108941 -0.700236 0.696195 0.158060 -0.189192 0.032522 -0.981401
16053.299805 999.430133 -24.183305 614.379682 -0.688102 -0.717670 0.107075 -0.700238 0.695452 0.161285 -0.190215 0.036002 -0.981082
16063.271484 999.600513 -22.213225 614.185895 -0.688192 -0.717557 0.107253 -0.699398 0.695434 0.164965 -0.192960 0.038515 -0.980450
16073.242188 999.818865 -20.709788 614.111473 -0.689286 -0.716527 0.107116 -0.698278 0.696456 0.165401 -0.193116 0.039212 -0.980392
16083.212891 999.931224 -19.257097 614.071212 -0.688529 -0.717240 0.107212 -0.698994 0.695737 0.165397 -0.193221 0.038940 -0.980382
16093.184570 1000.038404 -17.810847 613.974483 -0.688513 -0.717171 0.107774 -0.698990 0.695847 0.164955 -0.193295 0.038241 -0.980395
16103.155273 1000.378706 -16.706674 613.882699 -0.691395 -0.714617 0.106286 -0.696909 0.698461 0.162699 -0.190504 0.038418 -0.980934
16113.125977 1000.226365 -15.477692 613.744705 -0.692482 -0.713298 0.108053 -0.696013 0.699954 0.160095 -0.189828 0.035657 -0.981170
16123.097656 1000.439375 -14.435028 613.655975 -0.695438 -0.710637 0.106588 -0.693925 0.702668 0.157244 -0.186640 0.035389 -0.981791
16133.068359 1000.766738 -13.078360 613.442350 -0.700103 -0.706301 0.104856 -0.689650 0.706911 0.157033 -0.185036 0.037626 -0.982011
16143.039063 1001.052858 -11.925605 613.357144 -0.703108 -0.703541 0.103291 -0.687295 0.709637 0.155053 -0.182385 0.038028 -0.982491
16153.010742 1001.047720 -10.421892 613.143322 -0.706830 -0.699737 0.103728 -0.683377 0.713338 0.155382 -0.182720 0.038943 -0.982393
16162.981445 1000.904176 -8.528850 612.797606 -0.709393 -0.696865 0.105549 -0.679905 0.716066 0.158045 -0.185717 0.040353 -0.981774
16172.952148 1002.213775 -7.101993 612.731294 -0.713821 -0.693360 0.098544 -0.676343 0.719025 0.159885 -0.181713 0.047480 -0.982205
16182.922852 1002.735846 -5.270972 612.513240 -0.708408 -0.698762 0.099451 -0.681390 0.713820 0.161770 -0.184029 0.046835 -0.981804
16192.894531 1002.785324 -3.708358 612.232206 -0.709583 -0.697356 0.100926 -0.679777 0.715205 0.162434 -0.185457 0.046653 -0.981544
16202.865234 1002.811555 -2.280104 611.971580 -0.710941 -0.695758 0.102393 -0.678204 0.716826 0.161864 -0.186017 0.045632 -0.981486
16212.835938 1002.917702 -0.849547 611.708278 -0.711503 -0.695031 0.103424 -0.677477 0.717577 0.161581 -0.186519 0.044898 -0.981425
